1 0.065 0.48314606741573035 0.0575 0.0898876404494382
1 0.12 0.4250936329588015 0.0475 0.07116104868913857
1 0.165 0.37453183520599254 0.0375 0.0599250936329588
1 0.24375 0.42134831460674155 0.0575 0.08614232209737828
1 0.38875 0.350187265917603 0.0575 0.08614232209737828
1 0.4625 0.250936329588015 0.1025 0.15730337078651685
1 0.555 0.20599250936329588 0.055 0.10112359550561797
1 0.6575 0.25280898876404495 0.0375 0.056179775280898875
1 0.71375 0.18352059925093633 0.055 0.0898876404494382
1 0.81125 0.19850187265917604 0.045 0.07116104868913857
1 0.88875 0.13857677902621723 0.045 0.0749063670411985
1 0.9175 0.11610486891385768 0.0275 0.056179775280898875
1 0.24125 0.33146067415730335 0.0325 0.04868913857677903