1 0.185 0.01327433628318584 0.07 0.02654867256637168
1 0.24625 0.07964601769911504 0.0625 0.11504424778761062
1 0.415 0.19690265486725664 0.0775 0.13716814159292035
1 0.46875 0.22566371681415928 0.06 0.11061946902654868
1 0.4525 0.4690265486725664 0.075 0.13716814159292035
1 0.53625 0.27654867256637167 0.0425 0.07964601769911504
1 0.58375 0.3030973451327434 0.045 0.09734513274336283
1 0.60875 0.3407079646017699 0.06 0.11504424778761062
1 0.64875 0.41150442477876104 0.0525 0.10176991150442478
1 0.6725 0.47345132743362833 0.06 0.11504424778761062
1 0.725 0.5442477876106194 0.0775 0.1415929203539823
1 0.8 0.48008849557522126 0.05 0.09292035398230089
2 0.83625 0.5176991150442478 0.0525 0.084070796460177
1 0.90875 0.5508849557522124 0.0625 0.11061946902654868
1 0.955 0.6150442477876106 0.0675 0.12389380530973451
1 0.4475 0.15265486725663716 0.05 0.08849557522123894
1 0.3875 0.09734513274336283 0.05 0.084070796460177