0 0.07375 0.5113207547169811 0.1475 0.23773584905660378
2 0.1525 0.32264150943396225 0.0825 0.1169811320754717
1 0.28625 0.3264150943396226 0.065 0.10566037735849057
1 0.37625 0.41320754716981134 0.1075 0.1660377358490566
1 0.35 0.8358490566037736 0.275 0.32075471698113206
1 0.60625 0.630188679245283 0.2625 0.4
1 0.57875 0.3320754716981132 0.135 0.20754716981132076
1 0.4275 0.27358490566037735 0.095 0.1471698113207547
2 0.72625 0.06981132075471698 0.1125 0.13962264150943396
1 0.855 0.05471698113207547 0.115 0.10943396226415095
1 0.77625 0.3641509433962264 0.1525 0.23773584905660378