1 0.015 0.7044444444444444 0.0225 0.035555555555555556
1 0.11875 0.6533333333333333 0.025 0.044444444444444446
1 0.06 0.7777777777777778 0.05 0.08888888888888889
1 0.13625 0.8177777777777778 0.0425 0.08
1 0.21625 0.6488888888888888 0.07 0.12444444444444444
1 0.22125 0.5666666666666667 0.0325 0.06666666666666667
1 0.24125 0.5222222222222223 0.0275 0.04888888888888889
1 0.30625 0.4888888888888889 0.0175 0.03111111111111111
1 0.29125 0.54 0.025 0.044444444444444446
1 0.3275 0.5977777777777777 0.0475 0.08888888888888889
1 0.35 0.5422222222222223 0.03 0.06222222222222222
1 0.395 0.5222222222222223 0.075 0.1288888888888889
1 0.48375 0.6488888888888888 0.09 0.1688888888888889
0 0.42125 0.4288888888888889 0.0175 0.03111111111111111
1 0.58 0.40444444444444444 0.0375 0.08
1 0.61 0.31333333333333335 0.0275 0.05333333333333334
1 0.6725 0.36666666666666664 0.0475 0.08888888888888889
1 0.8525 0.3933333333333333 0.215 0.39555555555555555
1 0.9575 0.41555555555555557 0.0825 0.16