1 0.03625 0.6104868913857678 0.0725 0.1198501872659176
1 0.07875 0.7397003745318352 0.0825 0.1198501872659176
1 0.15 0.5936329588014981 0.12 0.19101123595505617
1 0.24 0.5561797752808989 0.0675 0.10486891385767791
1 0.41875 0.20411985018726592 0.1 0.15355805243445692
1 0.74875 0.1404494382022472 0.1425 0.21722846441947566
1 0.86 0.20411985018726592 0.065 0.10486891385767791
1 0.6725 0.32771535580524347 0.065 0.0898876404494382
1 0.71875 0.2808988764044944 0.0475 0.07116104868913857
1 0.22 0.4700374531835206 0.065 0.09363295880149813
1 0.85625 0.1198501872659176 0.05 0.0749063670411985
1 0.9 0.20786516853932585 0.045 0.0749063670411985
1 0.48375 0.23782771535580524 0.055 0.10112359550561797