2 0.13625 0.9662921348314607 0.0375 0.0599250936329588
1 0.1875 0.947565543071161 0.0575 0.0898876404494382
1 0.25125 0.8726591760299626 0.0275 0.052434456928838954
1 0.345 0.8726591760299626 0.0525 0.07865168539325842
2 0.35625 0.6629213483146067 0.035 0.056179775280898875
1 0.38625 0.6629213483146067 0.045 0.06367041198501873
0 0.42875 0.649812734082397 0.0375 0.052434456928838954
2 0.42125 0.7265917602996255 0.0425 0.06741573033707865
1 0.3875 0.7865168539325843 0.0475 0.06741573033707865
1 0.46625 0.7116104868913857 0.05 0.07865168539325842
1 0.49125 0.6404494382022472 0.05 0.07865168539325842
1 0.5675 0.5561797752808989 0.04 0.0599250936329588
1 0.55375 0.6816479400749064 0.0525 0.08239700374531835
1 0.595 0.7340823970037453 0.0575 0.09363295880149813
1 0.6125 0.5168539325842697 0.05 0.07865168539325842
2 0.6875 0.8801498127340824 0.0625 0.09363295880149813
1 0.55625 0.44569288389513106 0.035 0.052434456928838954
1 0.49625 0.44569288389513106 0.0325 0.052434456928838954
1 0.6025 0.4232209737827715 0.035 0.052434456928838954
1 0.68625 0.28651685393258425 0.0325 0.04868913857677903
1 0.74375 0.26217228464419473 0.025 0.03745318352059925
1 0.8725 0.26217228464419473 0.0325 0.0449438202247191