1 0.05 0.40262172284644193 0.055 0.08239700374531835
1 0.13 0.24906367041198502 0.04 0.0599250936329588
1 0.22375 0.3838951310861423 0.0525 0.0749063670411985
1 0.30125 0.15168539325842698 0.04 0.056179775280898875
1 0.35375 0.19101123595505617 0.05 0.07865168539325842
1 0.49 0.352059925093633 0.065 0.10486891385767791
1 0.3825 0.11235955056179775 0.045 0.06741573033707865
1 0.44625 0.09737827715355805 0.0425 0.06367041198501873
1 0.5725 0.22659176029962547 0.055 0.08614232209737828
1 0.55125 0.1760299625468165 0.0425 0.06367041198501873
2 0.34875 0.1198501872659176 0.03 0.03745318352059925
2 0.51875 0.07677902621722846 0.03 0.04868913857677903
1 0.51625 0.020599250936329586 0.0325 0.04119850187265917
1 0.595 0.08239700374531835 0.0375 0.052434456928838954
2 0.54125 0.00749063670411985 0.0325 0.0149812734082397
0 0.615 0.020599250936329586 0.035 0.04119850187265917