1 0.01625 0.3075221238938053 0.0325 0.0752212389380531
1 0.1175 0.15486725663716813 0.065 0.13716814159292035
1 0.2525 0.35398230088495575 0.025 0.0752212389380531
0 0.365 0.3407079646017699 0.03 0.061946902654867256
1 0.3925 0.16150442477876106 0.035 0.09734513274336283
1 0.50125 0.16592920353982302 0.0275 0.08849557522123894
1 0.4925 0.22787610619469026 0.03 0.07079646017699115
1 0.64375 0.2079646017699115 0.0375 0.0752212389380531
1 0.6925 0.21017699115044247 0.035 0.0752212389380531
1 0.76 0.26327433628318586 0.02 0.04424778761061947
1 0.805 0.20575221238938052 0.04 0.0752212389380531
1 0.88 0.22123893805309736 0.0325 0.06637168141592921
1 0.915 0.22123893805309736 0.0275 0.07079646017699115