1 0.15375 0.8716814159292036 0.2175 0.24778761061946902
1 0.29 0.7323008849557522 0.13 0.2345132743362832
2 0.28875 0.48451327433628316 0.08 0.13716814159292035
1 0.41625 0.5575221238938053 0.105 0.18141592920353983
2 0.45125 0.37168141592920356 0.0525 0.13274336283185842
1 0.53125 0.4004424778761062 0.1375 0.25663716814159293
1 0.6225 0.3473451327433628 0.1125 0.2168141592920354
2 0.605 0.061946902654867256 0.0575 0.10176991150442478
1 0.8 0.04424778761061947 0.06 0.08849557522123894
1 0.84625 0.022123893805309734 0.0725 0.04424778761061947
1 0.6975 0.19690265486725664 0.06 0.10619469026548672
1 0.755 0.2743362831858407 0.0925 0.17256637168141592
1 0.9275 0.2013274336283186 0.0875 0.168141592920354
1 0.80875 0.7588495575221239 0.1575 0.23008849557522124
1 0.3775 0.14823008849557523 0.04 0.07079646017699115
2 0.53 0.09955752212389381 0.04 0.084070796460177