1 0.825 0.5543071161048689 0.13 0.19850187265917604
2 0.8175 0.34269662921348315 0.1 0.149812734082397
2 0.46375 0.5805243445692884 0.1 0.149812734082397
1 0.56625 0.6704119850187266 0.13 0.19101123595505617
1 0.9375 0.2958801498127341 0.0775 0.11235955056179775
1 0.2375 0.7865168539325843 0.115 0.18726591760299627
1 0.105 0.7340823970037453 0.0725 0.11235955056179775
1 0.3 0.702247191011236 0.065 0.1198501872659176
1 0.36875 0.6086142322097379 0.0675 0.10112359550561797
1 0.39625 0.548689138576779 0.08 0.13108614232209737
1 0.5125 0.47752808988764045 0.0775 0.1198501872659176
1 0.56 0.449438202247191 0.055 0.08614232209737828
1 0.57875 0.3389513108614232 0.0425 0.06741573033707865
1 0.67625 0.24344569288389514 0.0525 0.07116104868913857
2 0.30875 0.599250936329588 0.055 0.0898876404494382
1 0.12375 0.6198501872659176 0.045 0.07116104868913857
1 0.35375 0.46254681647940077 0.0575 0.08614232209737828
2 0.43375 0.36329588014981273 0.0425 0.06741573033707865
1 0.47 0.31835205992509363 0.0225 0.04119850187265917
1 0.58625 0.24531835205992508 0.025 0.04119850187265917
1 0.38875 0.3857677902621723 0.03 0.04868913857677903
1 0.22 0.4419475655430712 0.025 0.03745318352059925
1 0.64125 0.27902621722846443 0.045 0.06367041198501873
1 0.555 0.38764044943820225 0.0425 0.06741573033707865
1 0.84125 0.10299625468164794 0.03 0.04868913857677903
1 0.88125 0.06928838951310862 0.0325 0.052434456928838954
1 0.72625 0.20599250936329588 0.025 0.04119850187265917
1 0.86 0.07865168539325842 0.0275 0.0449438202247191