1 0.29875 0.03682170542635659 0.0725 0.07364341085271318
1 0.32625 0.2771317829457364 0.0575 0.08527131782945736
1 0.53125 0.20348837209302326 0.06 0.08914728682170543
1 0.95375 0.4321705426356589 0.055 0.08527131782945736
1 0.74 0.3333333333333333 0.0475 0.06976744186046512
1 0.6675 0.27325581395348836 0.0425 0.06201550387596899
1 0.62 0.27906976744186046 0.035 0.05813953488372093
1 0.17125 0.005813953488372093 0.0375 0.011627906976744186
1 0.38 0.05813953488372093 0.0325 0.05426356589147287
1 0.4175 0.1124031007751938 0.0275 0.04263565891472868
1 0.46375 0.14534883720930233 0.025 0.03875968992248062