1 0.33625 0.42 0.0925 0.21333333333333335
1 0.075 0.6177777777777778 0.105 0.19555555555555557
1 0.145 0.4711111111111111 0.0875 0.17333333333333334
1 0.3925 0.5533333333333333 0.085 0.17333333333333334
1 0.41875 0.3933333333333333 0.0775 0.15555555555555556
1 0.5575 0.23777777777777778 0.1175 0.2
1 0.22 0.47333333333333333 0.055 0.1288888888888889
0 0.63125 0.4111111111111111 0.1325 0.26222222222222225
2 0.735 0.2866666666666667 0.095 0.19111111111111112
2 0.9 0.09555555555555556 0.07 0.14222222222222222
2 0.93 0.07777777777777778 0.06 0.15555555555555556