1 0.08375 0.4812734082397004 0.0775 0.1348314606741573
1 0.11375 0.8670411985018727 0.105 0.19101123595505617
1 0.24375 0.6086142322097379 0.07 0.13108614232209737
1 0.29125 0.38202247191011235 0.045 0.07865168539325842
1 0.35625 0.3352059925093633 0.04 0.08239700374531835
1 0.5025 0.45880149812734083 0.05 0.0898876404494382
1 0.5625 0.34831460674157305 0.0425 0.08239700374531835
1 0.67875 0.45131086142322097 0.04 0.06741573033707865
1 0.77 0.5131086142322098 0.0375 0.08239700374531835
1 0.8625 0.6217228464419475 0.045 0.11610486891385768
1 0.6075 0.31835205992509363 0.045 0.08614232209737828