2 0.23125 0.9422222222222222 0.1525 0.10666666666666667
2 0.10375 0.8333333333333334 0.1225 0.19555555555555557
1 0.0475 0.6577777777777778 0.095 0.14222222222222222
1 0.135 0.5844444444444444 0.115 0.21333333333333335
1 0.195 0.5222222222222223 0.0525 0.10222222222222223
2 0.27 0.5466666666666666 0.12 0.21777777777777776
1 0.385 0.7577777777777778 0.1425 0.24444444444444444
1 0.4725 0.6711111111111111 0.1075 0.18666666666666668
1 0.60625 0.58 0.1675 0.28888888888888886
1 0.48625 0.44666666666666666 0.0675 0.16444444444444445
2 0.34 0.45111111111111113 0.085 0.16444444444444445
0 0.42 0.3488888888888889 0.09 0.16
2 0.53625 0.24444444444444444 0.08 0.14666666666666667
2 0.1675 0.36666666666666664 0.07 0.12444444444444444
1 0.13625 0.4088888888888889 0.0475 0.10222222222222223
1 0.075 0.37555555555555553 0.055 0.09777777777777778
1 0.02125 0.49777777777777776 0.0425 0.1511111111111111
0 0.04 0.4622222222222222 0.0475 0.09333333333333334
1 0.12625 0.24444444444444444 0.035 0.06222222222222222
1 0.1875 0.2866666666666667 0.03 0.057777777777777775
1 0.21875 0.3422222222222222 0.0575 0.10666666666666667
1 0.38125 0.38 0.0575 0.12
1 0.3325 0.3 0.0475 0.08
1 0.28125 0.2777777777777778 0.045 0.07555555555555556
1 0.32 0.24444444444444444 0.05 0.08
1 0.26 0.17555555555555555 0.0325 0.06666666666666667
1 0.2225 0.20444444444444446 0.02 0.044444444444444446
1 0.3225 0.1622222222222222 0.03 0.057777777777777775
1 0.34375 0.18666666666666668 0.0375 0.06222222222222222
2 0.41125 0.15555555555555556 0.05 0.09333333333333334
1 0.4575 0.21555555555555556 0.0575 0.1111111111111111
1 0.4625 0.2866666666666667 0.055 0.10222222222222223
1 0.4325 0.06444444444444444 0.0225 0.057777777777777775
1 0.4925 0.03777777777777778 0.0275 0.05333333333333334
1 0.54625 0.011111111111111112 0.0375 0.022222222222222223
0 0.585 0.09555555555555556 0.0575 0.09777777777777778
2 0.57625 0.2088888888888889 0.04 0.10222222222222223
1 0.64625 0.2777777777777778 0.0775 0.13333333333333333
1 0.6175 0.08666666666666667 0.04 0.08444444444444445
1 0.675 0.41555555555555557 0.04 0.08888888888888889
1 0.7475 0.4288888888888889 0.1075 0.2088888888888889
1 0.84875 0.5755555555555556 0.1625 0.30666666666666664
1 0.78875 0.09111111111111111 0.0775 0.14222222222222222
2 0.89625 0.06444444444444444 0.0425 0.1111111111111111
1 0.83 0.05333333333333334 0.055 0.10666666666666667
1 0.7 0.22666666666666666 0.0625 0.10222222222222223
1 0.7275 0.05555555555555555 0.06 0.10666666666666667
1 0.69375 0.015555555555555555 0.0625 0.03111111111111111