1 0.18875 0.8520599250936329 0.0875 0.12359550561797752
1 0.29 0.7209737827715356 0.08 0.12359550561797752
1 0.4875 0.8670411985018727 0.095 0.13857677902621723
1 0.34125 0.6573033707865169 0.0625 0.09363295880149813
1 0.34625 0.5187265917602997 0.0575 0.0898876404494382
0 0.25125 0.5318352059925093 0.0475 0.0749063670411985
1 0.17625 0.6685393258426966 0.05 0.08239700374531835
1 0.14375 0.6048689138576779 0.0325 0.056179775280898875
1 0.185 0.5280898876404494 0.03 0.04868913857677903
1 0.465 0.4943820224719101 0.085 0.12359550561797752
1 0.495 0.38202247191011235 0.0575 0.0898876404494382
1 0.72875 0.29213483146067415 0.105 0.15355805243445692
1 0.89625 0.24344569288389514 0.06 0.10112359550561797
1 0.56875 0.2883895131086142 0.04 0.0749063670411985
1 0.48125 0.24531835205992508 0.05 0.07865168539325842
1 0.38625 0.2808988764044944 0.04 0.0599250936329588
1 0.25875 0.4044943820224719 0.035 0.0599250936329588
1 0.08625 0.6217228464419475 0.035 0.06741573033707865
1 0.05125 0.5842696629213483 0.03 0.052434456928838954
1 0.11125 0.50187265917603 0.0425 0.06741573033707865
1 0.16875 0.42134831460674155 0.0275 0.0449438202247191