1 0.14625 0.035580524344569285 0.0875 0.07116104868913857
1 0.27375 0.06367041198501873 0.0825 0.12359550561797752
1 0.3925 0.12172284644194757 0.09 0.13108614232209737
1 0.47 0.20224719101123595 0.075 0.09363295880149813
1 0.5175 0.2340823970037453 0.0825 0.12734082397003746
1 0.75625 0.3389513108614232 0.09 0.1647940074906367
1 0.8725 0.47191011235955055 0.0975 0.16104868913857678
1 0.85875 0.7471910112359551 0.105 0.1760299625468165
1 0.7575 0.7827715355805244 0.1025 0.14606741573033707
1 0.5775 0.6591760299625468 0.095 0.149812734082397
1 0.52 0.5131086142322098 0.095 0.16853932584269662
1 0.33625 0.5074906367041199 0.11 0.15355805243445692
1 0.16 0.31647940074906367 0.0975 0.15730337078651685