1 0.22375 0.03731343283582089 0.0575 0.07462686567164178
1 0.32875 0.10261194029850747 0.065 0.09701492537313433
1 0.41 0.17164179104477612 0.05 0.07462686567164178
1 0.52625 0.11194029850746269 0.0775 0.12313432835820895
1 0.56625 0.18470149253731344 0.0425 0.06343283582089553
1 0.6325 0.2332089552238806 0.065 0.09701492537313433
1 0.6525 0.44776119402985076 0.06 0.09328358208955224
1 0.75625 0.27425373134328357 0.065 0.09701492537313433
1 0.82 0.373134328358209 0.0625 0.09701492537313433
1 0.87875 0.42723880597014924 0.045 0.0708955223880597
1 0.9175 0.45149253731343286 0.055 0.07835820895522388
1 0.9525 0.417910447761194 0.0325 0.05223880597014925