1 0.0175 0.44 0.025 0.04888888888888889
1 0.06125 0.7377777777777778 0.0225 0.04
1 0.075 0.4266666666666667 0.0275 0.04888888888888889
1 0.13875 0.44666666666666666 0.0275 0.057777777777777775
2 0.1125 0.5688888888888889 0.0275 0.05333333333333334
2 0.15625 0.6577777777777778 0.0225 0.04888888888888889
1 0.14 0.31777777777777777 0.0275 0.04888888888888889
1 0.19125 0.3333333333333333 0.015 0.044444444444444446
2 0.15875 0.21555555555555556 0.025 0.044444444444444446
1 0.11 0.09111111111111111 0.02 0.044444444444444446
1 0.26375 0.6511111111111111 0.0325 0.06222222222222222
1 0.32 0.8688888888888889 0.035 0.06222222222222222
1 0.2975 0.5911111111111111 0.0275 0.057777777777777775
2 0.29875 0.45111111111111113 0.0225 0.044444444444444446
1 0.28 0.37777777777777777 0.0225 0.04888888888888889
1 0.37375 0.4688888888888889 0.0225 0.04888888888888889
1 0.38375 0.68 0.0325 0.057777777777777775
1 0.41375 0.8 0.03 0.06666666666666667
1 0.38375 0.7822222222222223 0.0325 0.06666666666666667
1 0.46125 0.9111111111111111 0.02 0.04888888888888889
1 0.48375 0.6533333333333333 0.03 0.06222222222222222
1 0.46875 0.6 0.035 0.04
1 0.45375 0.44666666666666666 0.03 0.04888888888888889
1 0.365 0.3511111111111111 0.03 0.04888888888888889
1 0.24375 0.22 0.025 0.035555555555555556
2 0.235 0.17777777777777778 0.0225 0.044444444444444446
2 0.29 0.23777777777777778 0.0275 0.04888888888888889
2 0.32625 0.21555555555555556 0.0225 0.04
1 0.3925 0.25555555555555554 0.025 0.044444444444444446
1 0.375 0.18666666666666668 0.0275 0.044444444444444446
1 0.2975 0.04666666666666667 0.02 0.04
1 0.335 0.022222222222222223 0.0175 0.035555555555555556
1 0.35625 0.14 0.02 0.04
1 0.4325 0.14666666666666667 0.0225 0.035555555555555556
1 0.26875 0.16666666666666666 0.02 0.04
1 0.44375 0.36666666666666664 0.0275 0.044444444444444446
1 0.4825 0.31333333333333335 0.025 0.05333333333333334
1 0.5125 0.36666666666666664 0.025 0.04888888888888889
1 0.51875 0.48444444444444446 0.0225 0.044444444444444446
1 0.6125 0.8977777777777778 0.035 0.06222222222222222
1 0.6525 0.9777777777777777 0.04 0.035555555555555556
1 0.61875 0.5888888888888889 0.0275 0.044444444444444446
1 0.63375 0.42444444444444446 0.0275 0.04
1 0.56625 0.39111111111111113 0.025 0.04888888888888889
1 0.5875 0.36 0.0225 0.04
1 0.59625 0.29333333333333333 0.02 0.04
1 0.545 0.2111111111111111 0.0225 0.04
1 0.355 0.0044444444444444444 0.02 0.008888888888888889
2 0.44125 0.035555555555555556 0.015 0.03111111111111111
1 0.47375 0.024444444444444446 0.0225 0.04
1 0.54 0.08 0.02 0.04
1 0.585 0.04 0.0175 0.03111111111111111
1 0.66875 0.1622222222222222 0.02 0.04
2 0.6925 0.14 0.0175 0.03111111111111111
1 0.6725 0.3088888888888889 0.0225 0.035555555555555556
1 0.705 0.42444444444444446 0.0225 0.044444444444444446
1 0.72375 0.6488888888888888 0.0325 0.057777777777777775
1 0.7275 0.48 0.025 0.04888888888888889
1 0.75 0.5311111111111111 0.0275 0.04888888888888889
1 0.76625 0.46 0.025 0.04888888888888889
1 0.75375 0.6266666666666667 0.025 0.04888888888888889
1 0.7275 0.10666666666666667 0.0175 0.03111111111111111
1 0.69125 0.044444444444444446 0.02 0.035555555555555556
1 0.75625 0.05333333333333334 0.015 0.03111111111111111
1 0.79 0.07777777777777778 0.015 0.03111111111111111
2 0.79 0.12222222222222222 0.0175 0.03111111111111111
2 0.75875 0.19555555555555557 0.0175 0.03111111111111111
1 0.82375 0.25555555555555554 0.0225 0.044444444444444446
1 0.88125 0.1711111111111111 0.02 0.035555555555555556
2 0.8975 0.07333333333333333 0.0175 0.03111111111111111
1 0.92625 0.17333333333333334 0.02 0.035555555555555556
1 0.90875 0.24444444444444444 0.0225 0.04
1 0.89875 0.32222222222222224 0.025 0.044444444444444446
1 0.865 0.3466666666666667 0.02 0.044444444444444446
1 0.9175 0.37333333333333335 0.0225 0.044444444444444446
1 0.96125 0.32 0.015 0.02666666666666667
1 0.9275 0.4444444444444444 0.0275 0.04888888888888889
1 0.955 0.5266666666666666 0.0275 0.044444444444444446
1 0.975 0.38 0.0225 0.04888888888888889
1 0.8775 0.13333333333333333 0.0175 0.03111111111111111
1 0.9775 0.7511111111111111 0.0225 0.057777777777777775
1 0.98 0.66 0.025 0.05333333333333334
1 0.93625 0.58 0.025 0.04