1 0.225 0.4101123595505618 0.0375 0.056179775280898875
2 0.3075 0.38202247191011235 0.0475 0.06741573033707865
1 0.4125 0.26779026217228463 0.0525 0.08239700374531835
1 0.545 0.2397003745318352 0.0625 0.0898876404494382
1 0.6475 0.20411985018726592 0.06 0.0898876404494382
1 0.7475 0.10299625468164794 0.08 0.11610486891385768
1 0.8725 0.033707865168539325 0.07 0.06741573033707865
1 0.185 0.47752808988764045 0.03 0.04868913857677903
1 0.15375 0.4737827715355805 0.0325 0.052434456928838954
1 0.11875 0.5 0.0275 0.0449438202247191
1 0.08625 0.5187265917602997 0.03 0.04119850187265917