2 0.13625 0.5730088495575221 0.075 0.12831858407079647
2 0.125 0.4358407079646018 0.065 0.10176991150442478
1 0.195 0.3893805309734513 0.0575 0.08849557522123894
2 0.26 0.4269911504424779 0.055 0.09734513274336283
1 0.28125 0.3407079646017699 0.055 0.09734513274336283
2 0.20375 0.29867256637168144 0.0625 0.11504424778761062
1 0.15 0.7566371681415929 0.065 0.1592920353982301
2 0.22 0.7876106194690266 0.09 0.17256637168141592
2 0.30125 0.8716814159292036 0.0925 0.17699115044247787
1 0.415 0.8960176991150443 0.12 0.19911504424778761
1 0.37375 0.5597345132743363 0.0775 0.1504424778761062
1 0.35375 0.39601769911504425 0.0725 0.11061946902654868
2 0.33125 0.23008849557522124 0.045 0.07964601769911504
1 0.425 0.2079646017699115 0.0525 0.11061946902654868
1 0.41375 0.2676991150442478 0.04 0.09292035398230089
1 0.47125 0.18805309734513273 0.0525 0.09734513274336283
2 0.525 0.11504424778761062 0.0475 0.09292035398230089
2 0.58125 0.168141592920354 0.075 0.13274336283185842
1 0.4575 0.46238938053097345 0.0675 0.12389380530973451
1 0.47 0.6349557522123894 0.075 0.12389380530973451
1 0.56125 0.48451327433628316 0.075 0.1504424778761062
2 0.51625 0.7964601769911505 0.055 0.11946902654867257
2 0.4725 0.8517699115044248 0.06 0.168141592920354
1 0.66 0.8495575221238938 0.1075 0.19469026548672566
1 0.64625 0.504424778761062 0.0825 0.14601769911504425
1 0.73 0.7035398230088495 0.07 0.168141592920354
1 0.6625 0.3407079646017699 0.06 0.11061946902654868
1 0.75375 0.42920353982300885 0.07 0.12831858407079647
2 0.62875 0.061946902654867256 0.06 0.10619469026548672
2 0.64 0.17920353982300885 0.0475 0.0752212389380531
2 0.67875 0.07300884955752213 0.0525 0.08849557522123894
1 0.765 0.028761061946902654 0.045 0.05752212389380531
2 0.725 0.16150442477876106 0.0525 0.09292035398230089
1 0.83125 0.3805309734513274 0.0775 0.10176991150442478
2 0.91 0.5907079646017699 0.0925 0.1504424778761062