1 0.01625 0.2911111111111111 0.0175 0.02666666666666667
1 0.12125 0.3288888888888889 0.02 0.035555555555555556
1 0.03625 0.3933333333333333 0.04 0.07111111111111111
1 0.095 0.4888888888888889 0.0325 0.07111111111111111
1 0.20875 0.40444444444444444 0.055 0.10222222222222223
1 0.235 0.33555555555555555 0.025 0.057777777777777775
1 0.26375 0.3111111111111111 0.0225 0.044444444444444446
1 0.33 0.3333333333333333 0.0125 0.02666666666666667
1 0.30375 0.36666666666666664 0.02 0.035555555555555556
1 0.32125 0.4488888888888889 0.0375 0.07555555555555556
1 0.355 0.4177777777777778 0.0225 0.057777777777777775
1 0.40125 0.43555555555555553 0.06 0.10666666666666667
1 0.4475 0.62 0.07 0.14222222222222222
0 0.44875 0.37333333333333335 0.0125 0.022222222222222223
1 0.59625 0.48 0.0275 0.07111111111111111
1 0.64625 0.4222222222222222 0.0225 0.04888888888888889
1 0.6875 0.52 0.0375 0.07555555555555556
1 0.84125 0.6888888888888889 0.1725 0.3244444444444444
1 0.93 0.7933333333333333 0.065 0.13777777777777778