1 0.14375 0.07111111111111111 0.0675 0.12444444444444444
1 0.21 0.17777777777777778 0.06 0.1111111111111111
1 0.3875 0.26666666666666666 0.0725 0.13777777777777778
1 0.44375 0.27555555555555555 0.055 0.10222222222222223
1 0.4425 0.5266666666666666 0.0675 0.12444444444444444
1 0.56 0.3377777777777778 0.0425 0.09333333333333334
1 0.59 0.3688888888888889 0.06 0.11555555555555555
1 0.6325 0.4311111111111111 0.055 0.10222222222222223
1 0.66125 0.4888888888888889 0.0575 0.1111111111111111
1 0.715 0.5466666666666666 0.075 0.13333333333333333
1 0.7875 0.47333333333333333 0.0475 0.09333333333333334
2 0.82625 0.49777777777777776 0.0475 0.08444444444444445
1 0.9 0.5244444444444445 0.0575 0.1111111111111111
1 0.94875 0.58 0.065 0.12444444444444444
1 0.3525 0.1688888888888889 0.0475 0.09333333333333334
1 0.51125 0.31777777777777777 0.045 0.08444444444444445
1 0.4175 0.2088888888888889 0.0475 0.08444444444444445
1 0.85625 0.5155555555555555 0.035 0.06666666666666667