1 0.03375 0.6629213483146067 0.055 0.0898876404494382
1 0.0925 0.602996254681648 0.055 0.08614232209737828
1 0.1925 0.5655430711610487 0.0575 0.08614232209737828
1 0.28 0.5056179775280899 0.0525 0.07865168539325842
1 0.34375 0.50187265917603 0.0575 0.09737827715355805
1 0.4775 0.47191011235955055 0.055 0.0898876404494382
1 0.49125 0.4250936329588015 0.04 0.09363295880149813
1 0.59875 0.3970037453183521 0.0325 0.056179775280898875
1 0.6575 0.2640449438202247 0.065 0.10861423220973783
1 0.835 0.22284644194756553 0.0725 0.10861423220973783
1 0.95625 0.20224719101123595 0.0275 0.0749063670411985
1 0.8925 0.22284644194756553 0.06 0.09363295880149813
2 0.62375 0.3951310861423221 0.045 0.08239700374531835
2 0.405 0.5262172284644194 0.0525 0.0898876404494382
2 0.26125 0.5561797752808989 0.06 0.09737827715355805