1 0.33125 0.745575221238938 0.125 0.22566371681415928
1 0.55 0.13716814159292035 0.0475 0.10176991150442478
2 0.755 0.16592920353982302 0.0675 0.11061946902654868
1 0.6375 0.4004424778761062 0.0575 0.11504424778761062
2 0.30875 0.024336283185840708 0.02 0.03982300884955752
2 0.36 0.046460176991150445 0.02 0.03982300884955752
2 0.45 0.035398230088495575 0.0225 0.035398230088495575
1 0.83375 0.24336283185840707 0.03 0.04424778761061947
1 0.70625 0.09734513274336283 0.025 0.048672566371681415
2 0.615 0.06415929203539823 0.02 0.048672566371681415
2 0.64375 0.03761061946902655 0.015 0.02654867256637168
1 0.395 0.09070796460176991 0.025 0.05309734513274336
1 0.38875 0.1570796460176991 0.0425 0.10619469026548672