2 0.03375 0.2397003745318352 0.0425 0.0749063670411985
1 0.09375 0.29213483146067415 0.07 0.1348314606741573
1 0.155 0.2846441947565543 0.03 0.04119850187265917
1 0.3 0.23782771535580524 0.055 0.09737827715355805
1 0.3475 0.27153558052434457 0.035 0.07116104868913857
1 0.52875 0.2902621722846442 0.0375 0.07116104868913857
2 0.57875 0.24157303370786518 0.0375 0.0749063670411985
1 0.62375 0.31086142322097376 0.0425 0.0749063670411985
1 0.78875 0.3333333333333333 0.0525 0.0898876404494382
2 0.3975 0.35767790262172283 0.0275 0.03745318352059925
1 0.94125 0.21722846441947566 0.02 0.0299625468164794
1 0.7025 0.2303370786516854 0.025 0.0449438202247191