1 0.1275 0.11555555555555555 0.065 0.12444444444444444
1 0.1975 0.21333333333333335 0.0575 0.10666666666666667
1 0.37875 0.2822222222222222 0.07 0.13333333333333333
1 0.435 0.28444444444444444 0.0525 0.09777777777777778
1 0.44375 0.5333333333333333 0.065 0.12
1 0.55375 0.33111111111111113 0.04 0.09333333333333334
1 0.585 0.35777777777777775 0.0575 0.1111111111111111
1 0.62875 0.41555555555555557 0.0525 0.09777777777777778
1 0.66 0.4688888888888889 0.055 0.10666666666666667
1 0.71625 0.52 0.0725 0.1288888888888889
1 0.78625 0.43777777777777777 0.045 0.08888888888888889
2 0.825 0.4577777777777778 0.0475 0.08444444444444445
1 0.9 0.47555555555555556 0.055 0.10666666666666667
1 0.95125 0.5244444444444445 0.0625 0.12
1 0.34 0.18666666666666668 0.045 0.08888888888888889
1 0.50375 0.31777777777777777 0.045 0.08
1 0.40625 0.22 0.0475 0.08444444444444445
1 0.85625 0.4711111111111111 0.0325 0.06222222222222222