1 0.1325 0.05805243445692884 0.08 0.11610486891385768
1 0.09875 0.19101123595505617 0.0825 0.1198501872659176
1 0.22 0.17415730337078653 0.12 0.19101123595505617
1 0.29875 0.24906367041198502 0.0675 0.10486891385767791
1 0.5925 0.21161048689138576 0.1 0.15355805243445692
1 0.845 0.5374531835205992 0.1425 0.21722846441947566
1 0.8875 0.702247191011236 0.065 0.10486891385767791
1 0.7 0.5767790262172284 0.065 0.0898876404494382
1 0.75625 0.5973782771535581 0.0475 0.07116104868913857
1 0.3275 0.16853932584269662 0.065 0.09363295880149813
1 0.9275 0.6423220973782772 0.05 0.0749063670411985
1 0.9125 0.7509363295880149 0.045 0.0749063670411985
1 0.61875 0.30711610486891383 0.055 0.10112359550561797