1 0.76125 0.04307116104868914 0.0825 0.08614232209737828
1 0.05 0.4101123595505618 0.0625 0.08614232209737828
1 0.57375 0.14232209737827714 0.06 0.09363295880149813
1 0.65625 0.20973782771535582 0.0425 0.06367041198501873
0 0.87375 0.10486891385767791 0.0625 0.09737827715355805
0 0.41625 0.2209737827715356 0.0725 0.1198501872659176
0 0.09 0.4681647940074906 0.075 0.11610486891385768
2 0.0075 0.4363295880149813 0.015 0.09363295880149813
2 0.1675 0.44569288389513106 0.07 0.10861423220973783
2 0.19125 0.36891385767790263 0.0475 0.0749063670411985
2 0.31625 0.3202247191011236 0.055 0.07865168539325842
2 0.5375 0.18164794007490637 0.0525 0.07865168539325842
2 0.64125 0.06741573033707865 0.06 0.08614232209737828