0 0.1375 0.33707865168539325 0.1775 0.27340823970037453
1 0.3925 0.6385767790262172 0.17 0.25842696629213485
1 0.4675 0.7940074906367042 0.105 0.18726591760299627
1 0.58625 0.8764044943820225 0.1675 0.2397003745318352
1 0.74 0.900749063670412 0.125 0.19101123595505617
1 0.65375 0.5411985018726592 0.09 0.14606741573033707
1 0.725 0.5393258426966292 0.09 0.13857677902621723
1 0.53625 0.38764044943820225 0.065 0.10486891385767791
1 0.5975 0.3651685393258427 0.0725 0.10861423220973783
1 0.655 0.28277153558052437 0.05 0.07865168539325842
1 0.74 0.3052434456928839 0.05 0.0749063670411985
1 0.6 0.23782771535580524 0.05 0.0749063670411985
1 0.65375 0.2153558052434457 0.0375 0.056179775280898875
1 0.72 0.2397003745318352 0.0425 0.0599250936329588
1 0.81 0.27715355805243447 0.0425 0.052434456928838954
1 0.97375 0.3651685393258427 0.03 0.04119850187265917