1 0.10375 0.18571428571428572 0.0475 0.09387755102040816
1 0.18125 0.24897959183673468 0.055 0.08163265306122448
1 0.32 0.19387755102040816 0.0325 0.061224489795918366
1 0.37 0.2653061224489796 0.055 0.10612244897959183
1 0.39125 0.21020408163265306 0.035 0.0653061224489796
1 0.4225 0.25918367346938775 0.045 0.08571428571428572
1 0.455 0.463265306122449 0.055 0.08979591836734693
1 0.45125 0.24081632653061225 0.02 0.061224489795918366
1 0.49375 0.2693877551020408 0.0325 0.0653061224489796
1 0.5425 0.27346938775510204 0.035 0.07346938775510205
1 0.575 0.28775510204081634 0.0475 0.08979591836734693
1 0.625 0.32653061224489793 0.0425 0.07346938775510205
1 0.66 0.35918367346938773 0.0425 0.08571428571428572
1 0.72125 0.39387755102040817 0.0575 0.08979591836734693
1 0.73875 0.25918367346938775 0.0275 0.05714285714285714
1 0.78375 0.31020408163265306 0.04 0.07755102040816327
2 0.82125 0.3183673469387755 0.04 0.06938775510204082
1 0.85375 0.3163265306122449 0.0225 0.04897959183673469
1 0.89625 0.3142857142857143 0.045 0.07346938775510205
1 0.95125 0.34285714285714286 0.0525 0.08571428571428572