1 0.06 0.5142857142857142 0.0575 0.10612244897959183
1 0.14625 0.5122448979591837 0.0625 0.09795918367346938
1 0.255 0.36122448979591837 0.0375 0.06938775510204082
1 0.32 0.3877551020408163 0.065 0.11836734693877551
1 0.3225 0.3224489795918367 0.04 0.07346938775510205
1 0.36375 0.34285714285714286 0.055 0.09387755102040816
1 0.45 0.5020408163265306 0.065 0.10612244897959183
1 0.385 0.30612244897959184 0.025 0.061224489795918366
1 0.43 0.2979591836734694 0.0375 0.07346938775510205
1 0.475 0.2673469387755102 0.0425 0.08163265306122448
1 0.5075 0.25510204081632654 0.0575 0.10204081632653061
1 0.5625 0.2510204081632653 0.05 0.08163265306122448
1 0.60375 0.25510204081632654 0.0525 0.09387755102040816
1 0.6675 0.24285714285714285 0.0675 0.10612244897959183
1 0.64625 0.11020408163265306 0.0325 0.061224489795918366
1 0.7 0.12040816326530612 0.0475 0.08571428571428572
2 0.735 0.1 0.045 0.07755102040816327
1 0.76375 0.07346938775510205 0.0275 0.053061224489795916
1 0.8025 0.04285714285714286 0.055 0.08571428571428572
1 0.85875 0.03877551020408163 0.0625 0.07755102040816327