2 0.02125 0.44569288389513106 0.0325 0.06741573033707865
1 0.06875 0.4850187265917603 0.0575 0.0898876404494382
1 0.14875 0.5 0.0275 0.052434456928838954
1 0.21375 0.599250936329588 0.0525 0.07865168539325842
2 0.32125 0.46254681647940077 0.035 0.056179775280898875
1 0.3425 0.4943820224719101 0.045 0.06367041198501873
0 0.37875 0.5299625468164794 0.0375 0.052434456928838954
2 0.3375 0.5767790262172284 0.0425 0.06741573033707865
1 0.285 0.5842696629213483 0.0475 0.06741573033707865
1 0.37625 0.6123595505617978 0.05 0.0749063670411985
1 0.4275 0.5898876404494382 0.0475 0.07865168539325842
1 0.52125 0.6123595505617978 0.04 0.0599250936329588
1 0.4525 0.6853932584269663 0.0525 0.08239700374531835
1 0.45625 0.7659176029962547 0.0575 0.09363295880149813
1 0.57125 0.6292134831460674 0.05 0.0749063670411985
2 0.455 0.9588014981273408 0.065 0.0749063670411985
1 0.56625 0.5224719101123596 0.035 0.04868913857677903
1 0.52375 0.45692883895131087 0.03 0.052434456928838954
1 0.61 0.5543071161048689 0.0325 0.052434456928838954
1 0.7325 0.5468164794007491 0.0325 0.04868913857677903
1 0.785 0.5898876404494382 0.0225 0.03745318352059925
1 0.875 0.7265917602996255 0.0325 0.0449438202247191