1 0.125 0.16853932584269662 0.055 0.0898876404494382
1 0.1925 0.15917602996254682 0.045 0.07116104868913857
1 0.2475 0.14606741573033707 0.0375 0.0599250936329588
1 0.30125 0.24531835205992508 0.0575 0.08614232209737828
1 0.45125 0.2883895131086142 0.0575 0.08614232209737828
1 0.5475 0.2546816479400749 0.1 0.15730337078651685
1 0.6425 0.28277153558052437 0.055 0.09737827715355805
1 0.7175 0.398876404494382 0.0375 0.056179775280898875
1 0.79 0.3782771535580524 0.0525 0.0898876404494382
1 0.87 0.46254681647940077 0.0425 0.07116104868913857
1 0.95625 0.46629213483146065 0.045 0.0749063670411985
1 0.98625 0.4681647940074906 0.0225 0.0599250936329588
1 0.3275 0.16292134831460675 0.0325 0.0449438202247191