1 0.87625 0.24906367041198502 0.0625 0.10112359550561797
0 0.95 0.4044943820224719 0.0525 0.09363295880149813
1 0.67375 0.2340823970037453 0.055 0.08239700374531835
1 0.72875 0.3445692883895131 0.04 0.06741573033707865
1 0.12625 0.11797752808988764 0.05 0.08239700374531835
0 0.145 0.19288389513108614 0.065 0.10486891385767791
0 0.51 0.1947565543071161 0.075 0.11610486891385768
2 0.22 0.22284644194756553 0.0625 0.10112359550561797
2 0.05875 0.09176029962546817 0.0475 0.07116104868913857
2 0.39125 0.2153558052434457 0.0525 0.08239700374531835
2 0.63125 0.24531835205992508 0.04 0.06741573033707865
2 0.76 0.21161048689138576 0.055 0.07865168539325842
2 0.26875 0.17228464419475656 0.04 0.07116104868913857