0 0.1575 0.7415730337078652 0.18 0.27715355805243447
1 0.4825 0.7097378277153558 0.1725 0.26217228464419473
1 0.60625 0.7509363295880149 0.1075 0.19101123595505617
1 0.735 0.700374531835206 0.1675 0.26217228464419473
1 0.8575 0.5599250936329588 0.125 0.19850187265917604
1 0.6325 0.37640449438202245 0.0925 0.149812734082397
1 0.68375 0.30337078651685395 0.0925 0.13857677902621723
1 0.4775 0.3801498127340824 0.065 0.10486891385767791
1 0.5125 0.301498127340824 0.075 0.11235955056179775
1 0.5175 0.18164794007490637 0.05 0.07865168539325842
1 0.59125 0.11610486891385768 0.05 0.0749063670411985
1 0.45625 0.20411985018726592 0.05 0.0749063670411985
1 0.4875 0.13295880149812733 0.04 0.0599250936329588
1 0.5475 0.08614232209737828 0.0425 0.0599250936329588
1 0.63 0.026217228464419477 0.045 0.052434456928838954