2 0.1375 0.5951327433628318 0.0775 0.13274336283185842
2 0.125 0.4579646017699115 0.0675 0.10619469026548672
1 0.19375 0.40707964601769914 0.0575 0.08849557522123894
2 0.25875 0.4424778761061947 0.0575 0.09734513274336283
1 0.27875 0.35398230088495575 0.055 0.10176991150442478
2 0.2 0.3185840707964602 0.065 0.11504424778761062
1 0.155 0.7765486725663717 0.0675 0.16371681415929204
2 0.22625 0.8053097345132744 0.0925 0.17256637168141592
2 0.30875 0.8827433628318584 0.095 0.18141592920353983
1 0.42375 0.8982300884955752 0.1225 0.19469026548672566
1 0.375 0.5663716814159292 0.08 0.1504424778761062
1 0.35125 0.40486725663716816 0.0725 0.11061946902654868
2 0.32625 0.2411504424778761 0.045 0.07964601769911504
1 0.42 0.21238938053097345 0.055 0.11061946902654868
1 0.40875 0.2743362831858407 0.04 0.09292035398230089
1 0.465 0.1902654867256637 0.0525 0.10176991150442478
2 0.5175 0.11283185840707964 0.05 0.09292035398230089
2 0.575 0.16371681415929204 0.075 0.13274336283185842
1 0.45625 0.4646017699115044 0.0675 0.12831858407079647
1 0.4725 0.6371681415929203 0.0775 0.12831858407079647
1 0.56 0.48008849557522126 0.0775 0.1504424778761062
2 0.5225 0.7964601769911505 0.055 0.11946902654867257
2 0.47875 0.8539823008849557 0.0625 0.168141592920354
1 0.66625 0.838495575221239 0.11 0.19911504424778761
1 0.64625 0.49557522123893805 0.085 0.1504424778761062
1 0.73375 0.6880530973451328 0.0725 0.168141592920354
1 0.65875 0.33185840707964603 0.06 0.11061946902654868
1 0.7525 0.413716814159292 0.07 0.13274336283185842
2 0.62 0.05530973451327434 0.06 0.10619469026548672
2 0.63375 0.17256637168141592 0.0475 0.0752212389380531
2 0.67 0.061946902654867256 0.055 0.09292035398230089
1 0.75625 0.01991150442477876 0.0475 0.03982300884955752
2 0.71875 0.14823008849557523 0.055 0.09734513274336283
1 0.8275 0.3606194690265487 0.08 0.10619469026548672
2 0.91125 0.5641592920353983 0.095 0.15486725663716813