1 0.14625 0.16044776119402984 0.045 0.07462686567164178
1 0.2625 0.1884328358208955 0.055 0.08208955223880597
1 0.35375 0.22014925373134328 0.0425 0.05970149253731343
1 0.45375 0.11567164179104478 0.0625 0.1044776119402985
1 0.505 0.16977611940298507 0.035 0.05223880597014925
1 0.57875 0.1884328358208955 0.055 0.08208955223880597
1 0.6375 0.38619402985074625 0.05 0.07835820895522388
1 0.705 0.1791044776119403 0.055 0.08208955223880597
1 0.785 0.2462686567164179 0.0525 0.08582089552238806
1 0.85125 0.27425373134328357 0.035 0.05970149253731343
1 0.8925 0.28171641791044777 0.045 0.06343283582089553
1 0.92 0.23507462686567165 0.0275 0.04477611940298507
1 0.98 0.22201492537313433 0.035 0.09328358208955224