1 0.08 0.4701492537313433 0.0575 0.08955223880597014
1 0.19 0.40671641791044777 0.0675 0.10074626865671642
1 0.27875 0.3675373134328358 0.0525 0.07462686567164178
1 0.33125 0.20149253731343283 0.08 0.12313432835820895
1 0.39375 0.208955223880597 0.0425 0.06343283582089553
1 0.46375 0.17164179104477612 0.0675 0.10074626865671642
1 0.58125 0.3003731343283582 0.0625 0.09701492537313433
1 0.57 0.06902985074626866 0.0675 0.10074626865671642
1 0.66125 0.06902985074626866 0.065 0.10074626865671642
1 0.72875 0.04291044776119403 0.045 0.0708955223880597
1 0.76875 0.029850746268656716 0.0575 0.05970149253731343