1 0.10875 0.5243362831858407 0.0825 0.19911504424778761
1 0.2675 0.33849557522123896 0.095 0.14601769911504425
1 0.07875 0.2610619469026549 0.05 0.08849557522123894
1 0.315 0.1084070796460177 0.045 0.08849557522123894
1 0.45625 0.33185840707964603 0.055 0.10176991150442478
1 0.51625 0.2588495575221239 0.04 0.09292035398230089
1 0.61625 0.26327433628318586 0.0375 0.10176991150442478
1 0.57125 0.4491150442477876 0.0625 0.11946902654867257
1 0.61 0.6592920353982301 0.0625 0.13274336283185842
1 0.76125 0.40707964601769914 0.07 0.10619469026548672
1 0.585 0.04424778761061947 0.03 0.0752212389380531
1 0.8125 0.09955752212389381 0.04 0.048672566371681415
1 0.94875 0.16371681415929204 0.075 0.1415929203539823
1 0.45625 0.11061946902654868 0.0225 0.061946902654867256