1 0.23875 0.33555555555555555 0.0525 0.10222222222222223
1 0.3675 0.2688888888888889 0.06 0.10666666666666667
1 0.73375 0.044444444444444446 0.0625 0.08888888888888889
1 0.83375 0.013333333333333334 0.0125 0.02666666666666667
2 0.6375 0.07777777777777778 0.0075 0.013333333333333334
1 0.5625 0.11777777777777777 0.01 0.017777777777777778
1 0.47375 0.1711111111111111 0.0025 0.008888888888888889
1 0.49625 0.15777777777777777 0.005 0.008888888888888889
1 0.49875 0.15333333333333332 0.0075 0.013333333333333334
1 0.51875 0.14 0.0025 0.008888888888888889
1 0.52875 0.14 0.0025 0.008888888888888889