1 0.00875 0.5022222222222222 0.0175 0.10666666666666667
1 0.05125 0.5066666666666667 0.0725 0.13333333333333333
2 0.0975 0.6355555555555555 0.0675 0.12
1 0.19375 0.29333333333333333 0.0725 0.12
1 0.265 0.5422222222222223 0.0775 0.14666666666666667
0 0.2225 0.86 0.0825 0.16
1 0.2025 0.94 0.1 0.1111111111111111
1 0.47375 0.9377777777777778 0.0925 0.11555555555555555
1 0.40375 0.14222222222222222 0.085 0.13777777777777778
1 0.45625 0.3111111111111111 0.0825 0.14666666666666667
1 0.55625 0.6688888888888889 0.075 0.1288888888888889
1 0.62375 0.7222222222222222 0.0975 0.1688888888888889
1 0.56625 0.04666666666666667 0.0775 0.09333333333333334
1 0.60375 0.2911111111111111 0.075 0.13777777777777778
1 0.64625 0.024444444444444446 0.0925 0.04888888888888889
1 0.80125 0.015555555555555555 0.0875 0.03111111111111111
1 0.9125 0.27555555555555555 0.0925 0.1511111111111111