1 0.03875 0.585 0.0775 0.11666666666666667
1 0.195 0.41 0.0775 0.10333333333333333
1 0.175 0.20666666666666667 0.0825 0.11333333333333333
2 0.08375 0.6916666666666667 0.07 0.10666666666666667
1 0.205 0.9433333333333334 0.1 0.10666666666666667
0 0.2275 0.875 0.0825 0.13
1 0.2625 0.6133333333333333 0.0775 0.11333333333333333
1 0.38875 0.16666666666666666 0.08 0.10333333333333333
1 0.42 0.2916666666666667 0.09 0.12
1 0.47875 0.425 0.085 0.11666666666666667
1 0.49375 0.9433333333333334 0.0975 0.10666666666666667
1 0.58875 0.7183333333333334 0.0925 0.12333333333333334
1 0.66 0.76 0.1 0.14
1 0.64375 0.405 0.075 0.10666666666666667
1 0.60125 0.18833333333333332 0.0825 0.11333333333333333
1 0.68625 0.13666666666666666 0.0825 0.12333333333333334
1 0.85875 0.13166666666666665 0.085 0.11
1 0.96375 0.3933333333333333 0.0675 0.11333333333333333