1 0.08 0.7798507462686567 0.05 0.08208955223880597
1 0.045 0.47201492537313433 0.025 0.05970149253731343
1 0.1275 0.44776119402985076 0.035 0.05970149253731343
2 0.055 0.5708955223880597 0.03 0.06716417910447761
2 0.02625 0.6026119402985075 0.0275 0.07462686567164178
1 0.2825 0.292910447761194 0.0625 0.09328358208955224
1 0.35875 0.2947761194029851 0.0575 0.08582089552238806
1 0.4725 0.3003731343283582 0.0625 0.10074626865671642
1 0.6275 0.2891791044776119 0.0525 0.08955223880597014
1 0.7375 0.2462686567164179 0.0625 0.10074626865671642
1 0.96125 0.30783582089552236 0.0375 0.055970149253731345
2 0.97125 0.4253731343283582 0.0425 0.07835820895522388