1 0.01875 0.6714285714285714 0.0375 0.14285714285714285
1 0.09375 0.6142857142857143 0.08 0.1346938775510204
0 0.14375 0.563265306122449 0.065 0.11428571428571428
2 0.11125 0.3040816326530612 0.0525 0.08571428571428572
1 0.12 0.17959183673469387 0.0525 0.10204081632653061
1 0.07 0.12448979591836734 0.045 0.08571428571428572
1 0.3725 0.02857142857142857 0.065 0.05714285714285714
1 0.3025 0.17346938775510204 0.065 0.08979591836734693
1 0.27125 0.39387755102040817 0.0575 0.10612244897959183
1 0.31 0.8551020408163266 0.085 0.1306122448979592
1 0.4775 0.7408163265306122 0.0725 0.10612244897959183
1 0.51 0.8387755102040816 0.085 0.1306122448979592
1 0.5075 0.42653061224489797 0.07 0.11428571428571428
1 0.5175 0.2755102040816326 0.075 0.11020408163265306
1 0.545 0.15510204081632653 0.0675 0.09387755102040816
1 0.63625 0.5489795918367347 0.06 0.09795918367346938
1 0.69 0.3448979591836735 0.065 0.11020408163265306
1 0.7725 0.37755102040816324 0.07 0.11428571428571428
1 0.8925 0.8183673469387756 0.08 0.10204081632653061
1 0.90125 0.5122448979591837 0.07 0.10612244897959183
1 0.85625 0.3448979591836735 0.055 0.08979591836734693
1 0.8725 0.23673469387755103 0.0525 0.07755102040816327