1 0.2025 0.2828054298642534 0.035 0.07692307692307693
1 0.1825 0.3416289592760181 0.05 0.09049773755656108
1 0.21125 0.8416289592760181 0.1025 0.18099547511312217
1 0.35125 0.6244343891402715 0.0825 0.1583710407239819
1 0.385 0.3755656108597285 0.0725 0.14027149321266968
1 0.31375 0.12669683257918551 0.025 0.04524886877828054
1 0.37 0.1085972850678733 0.025 0.05429864253393665
1 0.4675 0.07239819004524888 0.0375 0.06787330316742081
1 0.48875 0.2398190045248869 0.07 0.13574660633484162
1 0.54875 0.38461538461538464 0.0825 0.15384615384615385
1 0.59 0.16289592760180996 0.075 0.14027149321266968
2 0.65625 0.013574660633484163 0.0425 0.027149321266968326
1 0.7225 0.013574660633484163 0.05 0.027149321266968326