1 0.0947265625 0.18823529411764706 0.09375 0.1588235294117647
1 0.171875 0.35294117647058826 0.150390625 0.21470588235294116
1 0.408203125 0.3514705882352941 0.076171875 0.10588235294117647
1 0.44921875 0.20588235294117646 0.0703125 0.08823529411764706
1 0.466796875 0.2852941176470588 0.064453125 0.11470588235294117
1 0.54296875 0.2676470588235294 0.123046875 0.17352941176470588
1 0.6875 0.28088235294117647 0.072265625 0.10588235294117647
2 0.6630859375 0.13970588235294118 0.05078125 0.07647058823529412
2 0.751953125 0.22794117647058823 0.05078125 0.07941176470588235
1 0.8203125 0.3073529411764706 0.076171875 0.12352941176470589
1 0.8876953125 0.4823529411764706 0.1171875 0.16470588235294117
1 0.8955078125 0.28088235294117647 0.05859375 0.08529411764705883
1 0.875 0.15735294117647058 0.056640625 0.07941176470588235