1 0.115 0.13857677902621723 0.0525 0.07865168539325842
1 0.23 0.0449438202247191 0.0375 0.056179775280898875
1 0.28 0.22659176029962547 0.0475 0.06741573033707865
1 0.41375 0.0599250936329588 0.0375 0.052434456928838954
1 0.45125 0.12734082397003746 0.045 0.07116104868913857
1 0.53125 0.3595505617977528 0.06 0.09737827715355805
1 0.4975 0.0749063670411985 0.0425 0.06367041198501873
1 0.56 0.09925093632958802 0.04 0.0599250936329588
1 0.64125 0.2940074906367041 0.0525 0.08239700374531835
1 0.635 0.2340823970037453 0.04 0.0599250936329588
2 0.465 0.06179775280898876 0.0275 0.033707865168539325
2 0.6325 0.1254681647940075 0.0275 0.0449438202247191
1 0.645 0.06741573033707865 0.0275 0.03745318352059925
1 0.7 0.1760299625468165 0.0375 0.04868913857677903
2 0.67625 0.05805243445692884 0.0275 0.04119850187265917
0 0.7375 0.1254681647940075 0.03 0.04868913857677903
1 0.79125 0.11797752808988764 0.035 0.056179775280898875
1 0.80875 0.1254681647940075 0.015 0.03745318352059925
2 0.76875 0.10861423220973783 0.0225 0.03745318352059925
2 0.92125 0.149812734082397 0.0325 0.0449438202247191
1 0.98375 0.20786516853932585 0.0275 0.056179775280898875