1 0.81625 0.2958801498127341 0.1275 0.15355805243445692
1 0.64 0.27153558052434457 0.095 0.15730337078651685
1 0.57625 0.2883895131086142 0.0925 0.14232209737827714
1 0.5 0.2808988764044944 0.0875 0.1348314606741573
1 0.39875 0.3333333333333333 0.08 0.12734082397003746
1 0.35625 0.3352059925093633 0.0525 0.11235955056179775
1 0.325 0.36142322097378277 0.05 0.09737827715355805
1 0.255 0.301498127340824 0.07 0.10861423220973783
1 0.22125 0.36329588014981273 0.0675 0.10112359550561797
1 0.08875 0.4419475655430712 0.0425 0.06741573033707865
1 0.01 0.4550561797752809 0.02 0.08614232209737828