1 0.30875 0.125 0.06 0.09191176470588236
1 0.43625 0.20588235294117646 0.0375 0.058823529411764705
2 0.4775 0.20036764705882354 0.04 0.0625
2 0.48625 0.28308823529411764 0.0375 0.04779411764705882
0 0.5425 0.24448529411764705 0.0425 0.07352941176470588
1 0.65 0.25735294117647056 0.0275 0.04779411764705882
1 0.67125 0.3492647058823529 0.0425 0.07352941176470588
1 0.7725 0.3805147058823529 0.045 0.08455882352941177
2 0.85625 0.3639705882352941 0.06 0.09191176470588236
1 0.93375 0.4375 0.0625 0.09926470588235294
2 0.375 0.24080882352941177 0.0325 0.04044117647058824