2 0.0675 0.6310861423220974 0.11 0.1647940074906367
2 0.04 0.2696629213483146 0.08 0.11610486891385768
1 0.0925 0.21910112359550563 0.0675 0.10861423220973783
1 0.245 0.1198501872659176 0.07 0.10486891385767791
2 0.17625 0.2153558052434457 0.085 0.13108614232209737
2 0.23625 0.36704119850187267 0.055 0.0898876404494382
2 0.21875 0.5730337078651685 0.1025 0.15355805243445692
2 0.18625 0.7509363295880149 0.12 0.14232209737827714
1 0.27375 0.9138576779026217 0.1625 0.1647940074906367
2 0.385 0.700374531835206 0.16 0.20224719101123595
2 0.31 0.43820224719101125 0.1075 0.149812734082397
2 0.2925 0.19662921348314608 0.0825 0.09737827715355805
2 0.38625 0.1797752808988764 0.0775 0.10861423220973783
1 0.44 0.12359550561797752 0.085 0.1198501872659176
1 0.465 0.35580524344569286 0.1075 0.15355805243445692
2 0.53125 0.24344569288389514 0.075 0.1198501872659176
2 0.5675 0.07677902621722846 0.0925 0.13857677902621723
2 0.67 0.0449438202247191 0.08 0.0898876404494382
2 0.7025 0.1891385767790262 0.075 0.10861423220973783
1 0.66375 0.36704119850187267 0.12 0.18352059925093633
2 0.655 0.6142322097378277 0.11 0.15355805243445692
1 0.79 0.702247191011236 0.12 0.17228464419475656
1 0.81875 0.3857677902621723 0.1075 0.1647940074906367
2 0.8025 0.0449438202247191 0.075 0.0898876404494382
1 0.885 0.1760299625468165 0.085 0.1198501872659176