1 0.295 0.03875968992248062 0.07 0.07751937984496124
1 0.32375 0.2810077519379845 0.0575 0.08527131782945736
1 0.5275 0.20348837209302326 0.06 0.08914728682170543
1 0.9525 0.42054263565891475 0.055 0.08527131782945736
1 0.7375 0.32751937984496127 0.0475 0.06976744186046512
1 0.665 0.26744186046511625 0.0425 0.06201550387596899
1 0.6175 0.2751937984496124 0.035 0.05813953488372093
1 0.16625 0.009689922480620155 0.0375 0.01937984496124031
1 0.375 0.06201550387596899 0.0325 0.05426356589147287
1 0.41375 0.11627906976744186 0.025 0.04263565891472868
1 0.46 0.14728682170542637 0.025 0.03875968992248062