1 0.15875 0.7940074906367042 0.15 0.2247191011235955
1 0.31625 0.9176029962546817 0.1675 0.15730337078651685
1 0.32375 0.5861423220973783 0.0875 0.1348314606741573
1 0.25375 0.6385767790262172 0.065 0.09363295880149813
1 0.27875 0.47752808988764045 0.0625 0.09737827715355805
1 0.39125 0.43820224719101125 0.0675 0.11235955056179775
1 0.3475 0.4288389513108614 0.04 0.06367041198501873
1 0.47875 0.5112359550561798 0.0975 0.15355805243445692
1 0.58125 0.3258426966292135 0.095 0.149812734082397
1 0.7075 0.19288389513108614 0.07 0.11610486891385768
1 0.765 0.4288389513108614 0.1225 0.18352059925093633
1 0.9175 0.6329588014981273 0.16 0.27715355805243447
1 0.8225 0.149812734082397 0.055 0.0898876404494382
1 0.9 0.18164794007490637 0.0625 0.0898876404494382
1 0.95375 0.41198501872659177 0.0875 0.24719101123595505
1 0.6475 0.31086142322097376 0.0575 0.0898876404494382
1 0.87375 0.08801498127340825 0.0475 0.06367041198501873