1 0.46625 0.19777777777777777 0.095 0.1688888888888889
1 0.56 0.43333333333333335 0.0775 0.14222222222222222
1 0.21625 0.6911111111111111 0.1725 0.29777777777777775
1 0.43 0.9044444444444445 0.145 0.18222222222222223
1 0.87875 0.4822222222222222 0.0775 0.13777777777777778
1 0.71375 0.29555555555555557 0.0825 0.14222222222222222
1 0.785 0.35777777777777775 0.085 0.16
1 0.57 0.28444444444444444 0.09 0.16444444444444445
1 0.6325 0.10888888888888888 0.04 0.08888888888888889
1 0.515 0.05555555555555555 0.06 0.1111111111111111
1 0.87 0.3 0.055 0.10222222222222223