1 0.0575 0.24531835205992508 0.065 0.09363295880149813
1 0.055 0.3913857677902622 0.07 0.09737827715355805
1 0.16625 0.3202247191011236 0.095 0.1647940074906367
1 0.25625 0.3539325842696629 0.055 0.0898876404494382
1 0.52875 0.18164794007490637 0.08 0.13108614232209737
1 0.835 0.37640449438202245 0.115 0.18352059925093633
1 0.91 0.5131086142322098 0.0525 0.0898876404494382
1 0.70625 0.4794007490636704 0.0575 0.07116104868913857
1 0.76375 0.4737827715355805 0.0375 0.0599250936329588
1 0.2675 0.2640449438202247 0.055 0.07865168539325842
1 0.935 0.4363295880149813 0.04 0.0599250936329588
1 0.94375 0.5468164794007491 0.035 0.06741573033707865
1 0.57375 0.2602996254681648 0.0375 0.09363295880149813