1 0.11 0.6237864077669902 0.085 0.18932038834951456
1 0.06125 0.3106796116504854 0.07 0.15048543689320387
1 0.12625 0.1553398058252427 0.0625 0.1553398058252427
1 0.22625 0.5412621359223301 0.07 0.17475728155339806
1 0.1625 0.441747572815534 0.0575 0.1407766990291262
1 0.335 0.6116504854368932 0.065 0.20388349514563106
1 0.285 0.941747572815534 0.1 0.10679611650485436
1 0.43875 0.8980582524271845 0.1175 0.1941747572815534
1 0.41625 0.36650485436893204 0.075 0.1796116504854369
1 0.335 0.25970873786407767 0.0675 0.15048543689320387
1 0.54125 0.3737864077669903 0.065 0.15048543689320387
1 0.58625 0.7766990291262136 0.0875 0.16990291262135923
1 0.63125 0.5728155339805825 0.0675 0.18446601941747573
1 0.6 0.3155339805825243 0.07 0.16990291262135923
1 0.6525 0.10922330097087378 0.0575 0.1407766990291262
2 0.525 0.08980582524271845 0.05 0.10194174757281553
1 0.76375 0.3907766990291262 0.0625 0.15048543689320387
1 0.8125 0.6480582524271845 0.095 0.21359223300970873
1 0.8625 0.6140776699029126 0.0625 0.16019417475728157
1 0.96125 0.41262135922330095 0.0725 0.1941747572815534
1 0.9175 0.15776699029126215 0.0675 0.1553398058252427
1 0.93125 0.03155339805825243 0.0575 0.06310679611650485
1 0.845 0.32524271844660196 0.07 0.14563106796116504
1 0.9775 0.8398058252427184 0.04 0.22330097087378642