1 0.52 0.41333333333333333 0.0475 0.06
1 0.77 0.39166666666666666 0.045 0.05333333333333334
2 0.8625 0.37 0.0475 0.056666666666666664
2 0.7 0.37666666666666665 0.045 0.05333333333333334
2 0.63375 0.36333333333333334 0.04 0.05
2 0.45375 0.42833333333333334 0.04 0.06
2 0.3525 0.4533333333333333 0.0475 0.056666666666666664
2 0.42375 0.415 0.04 0.05
0 0.19 0.5016666666666667 0.05 0.06333333333333334
0 0.27 0.475 0.04 0.06
0 0.26625 0.6366666666666667 0.04 0.056666666666666664
0 0.59875 0.3933333333333333 0.0475 0.06
1 0.07125 0.5783333333333334 0.025 0.03666666666666667
2 0.82375 0.34833333333333333 0.0275 0.03333333333333333