1 0.19875 0.3009049773755656 0.0375 0.07692307692307693
1 0.18 0.36199095022624433 0.0525 0.09049773755656108
1 0.2175 0.8597285067873304 0.105 0.18552036199095023
1 0.35375 0.6334841628959276 0.085 0.16289592760180996
1 0.3825 0.38235294117647056 0.075 0.14479638009049775
1 0.30625 0.14027149321266968 0.025 0.04524886877828054
1 0.3625 0.11538461538461539 0.025 0.05429864253393665
1 0.46 0.0746606334841629 0.0375 0.06787330316742081
1 0.48375 0.2398190045248869 0.0725 0.13574660633484162
1 0.54625 0.38009049773755654 0.085 0.1583710407239819
1 0.58375 0.1583710407239819 0.0775 0.14027149321266968
2 0.64625 0.011312217194570135 0.0425 0.02262443438914027