1 0.0425 0.22 0.03 0.05333333333333334
1 0.0425 0.5266666666666666 0.025 0.044444444444444446
1 0.1 0.23333333333333334 0.0325 0.057777777777777775
1 0.15875 0.2822222222222222 0.035 0.06666666666666667
2 0.11625 0.3888888888888889 0.0325 0.06222222222222222
2 0.145 0.4955555555555556 0.0275 0.05333333333333334
1 0.17875 0.15777777777777777 0.0325 0.057777777777777775
1 0.225 0.19777777777777777 0.02 0.04888888888888889
2 0.2125 0.06666666666666667 0.03 0.05333333333333334
1 0.25 0.5377777777777778 0.04 0.07111111111111111
1 0.2725 0.7733333333333333 0.0425 0.07555555555555556
1 0.29125 0.4955555555555556 0.035 0.06666666666666667
2 0.31375 0.36 0.0275 0.04888888888888889
1 0.305 0.2822222222222222 0.0275 0.05333333333333334
1 0.3825 0.4111111111111111 0.0275 0.05333333333333334
1 0.36125 0.62 0.0375 0.06666666666666667
1 0.3725 0.7511111111111111 0.0375 0.07555555555555556
1 0.34625 0.72 0.04 0.07555555555555556
1 0.4025 0.88 0.025 0.05333333333333334
1 0.46125 0.64 0.0375 0.07111111111111111
1 0.455 0.5822222222222222 0.0375 0.05333333333333334
1 0.46375 0.4266666666666667 0.035 0.057777777777777775
1 0.39125 0.29555555555555557 0.035 0.057777777777777775
1 0.29375 0.1111111111111111 0.0275 0.044444444444444446
2 0.29125 0.06666666666666667 0.0275 0.04888888888888889
2 0.335 0.14888888888888888 0.0325 0.057777777777777775
2 0.3725 0.14666666666666667 0.025 0.044444444444444446
1 0.4325 0.21555555555555556 0.03 0.05333333333333334
1 0.425 0.14 0.03 0.05333333333333334
1 0.4125 0.08666666666666667 0.0225 0.044444444444444446
1 0.48625 0.12666666666666668 0.025 0.04
1 0.325 0.07333333333333333 0.0225 0.044444444444444446
1 0.465 0.34444444444444444 0.03 0.05333333333333334
1 0.51 0.31333333333333335 0.03 0.057777777777777775
1 0.5325 0.37555555555555553 0.03 0.05333333333333334
1 0.52 0.49333333333333335 0.0275 0.04888888888888889
1 0.55125 0.9355555555555556 0.0425 0.07555555555555556
1 0.60125 0.6422222222222222 0.03 0.05333333333333334
1 0.64 0.4888888888888889 0.03 0.04888888888888889
1 0.58 0.4266666666666667 0.03 0.05333333333333334
1 0.605 0.40444444444444444 0.025 0.044444444444444446
1 0.62375 0.3466666666666667 0.0225 0.044444444444444446
1 0.585 0.24 0.025 0.044444444444444446
2 0.51125 0.024444444444444446 0.0175 0.035555555555555556
1 0.54375 0.028888888888888888 0.025 0.044444444444444446
1 0.59875 0.11333333333333333 0.0225 0.044444444444444446
1 0.64875 0.09555555555555556 0.02 0.04
1 0.71125 0.2511111111111111 0.0225 0.044444444444444446
2 0.7375 0.24 0.0225 0.035555555555555556
1 0.695 0.3933333333333333 0.025 0.04
1 0.70875 0.5222222222222223 0.0275 0.04888888888888889
1 0.69375 0.7466666666666667 0.0375 0.06666666666666667
1 0.72375 0.5844444444444444 0.03 0.05333333333333334
1 0.73625 0.6466666666666666 0.0325 0.057777777777777775
1 0.76375 0.5822222222222222 0.03 0.05333333333333334
1 0.72625 0.7377777777777778 0.03 0.05333333333333334
1 0.7775 0.22444444444444445 0.02 0.04
1 0.75125 0.14666666666666667 0.0225 0.04
1 0.8125 0.18666666666666668 0.0175 0.035555555555555556
1 0.8425 0.22444444444444445 0.0175 0.035555555555555556
2 0.835 0.26666666666666666 0.02 0.04
2 0.79375 0.32666666666666666 0.02 0.04
1 0.8475 0.41333333333333333 0.0275 0.04888888888888889
1 0.91625 0.35777777777777775 0.0225 0.04
2 0.94625 0.27111111111111114 0.02 0.035555555555555556
1 0.95875 0.38 0.0225 0.04
1 0.9325 0.44222222222222224 0.025 0.044444444444444446
1 0.91125 0.5111111111111111 0.03 0.05333333333333334
1 0.875 0.52 0.025 0.04888888888888889
1 0.9225 0.5688888888888889 0.0275 0.04888888888888889
1 0.9725 0.5377777777777778 0.0175 0.03111111111111111
1 0.92 0.6422222222222222 0.0325 0.057777777777777775
1 0.93625 0.7355555555555555 0.03 0.05333333333333334
1 0.97625 0.6022222222222222 0.0275 0.05333333333333334
1 0.9175 0.31777777777777777 0.02 0.035555555555555556
1 0.92375 0.9622222222222222 0.03 0.06222222222222222
1 0.94125 0.8755555555555555 0.03 0.057777777777777775
1 0.91 0.7777777777777778 0.0275 0.04888888888888889