2 0.06125 0.4344569288389513 0.0975 0.14606741573033707
2 0.105 0.07677902621722846 0.0725 0.10486891385767791
1 0.165 0.052434456928838954 0.06 0.09737827715355805
1 0.33 0.03745318352059925 0.065 0.0749063670411985
2 0.24625 0.08614232209737828 0.075 0.11610486891385768
2 0.27375 0.2565543071161049 0.0475 0.07865168539325842
2 0.21625 0.44569288389513106 0.09 0.1348314606741573
2 0.15125 0.602996254681648 0.1125 0.1198501872659176
1 0.19375 0.8426966292134831 0.14 0.23220973782771537
2 0.35 0.6423220973782772 0.1475 0.1760299625468165
2 0.33 0.35767790262172283 0.0975 0.1348314606741573
2 0.36125 0.1198501872659176 0.075 0.08239700374531835
2 0.45375 0.1441947565543071 0.07 0.09737827715355805
1 0.51625 0.11235955056179775 0.0775 0.10486891385767791
1 0.495 0.3464419475655431 0.095 0.1348314606741573
2 0.58 0.26779026217228463 0.0675 0.10861423220973783
2 0.64625 0.1254681647940075 0.0825 0.12359550561797752
2 0.75125 0.13295880149812733 0.07 0.08614232209737828
2 0.75375 0.29213483146067415 0.0675 0.09737827715355805
1 0.6825 0.4438202247191011 0.1075 0.1647940074906367
2 0.62625 0.6760299625468165 0.0975 0.1348314606741573
1 0.73875 0.8202247191011236 0.1075 0.15355805243445692
1 0.8275 0.5299625468164794 0.095 0.14606741573033707
2 0.88125 0.18352059925093633 0.065 0.10112359550561797
2 0.98125 0.13857677902621723 0.0325 0.08239700374531835
1 0.93125 0.3595505617977528 0.0775 0.10486891385767791