1 0.0425 0.6266666666666667 0.08 0.11666666666666667
1 0.19125 0.43833333333333335 0.08 0.10666666666666667
1 0.16 0.23666666666666666 0.085 0.11666666666666667
2 0.095 0.73 0.0725 0.10666666666666667
1 0.23 0.9566666666666667 0.105 0.08
0 0.24875 0.9 0.085 0.13
1 0.26875 0.635 0.08 0.11666666666666667
1 0.3725 0.17666666666666667 0.0825 0.10666666666666667
1 0.40875 0.3 0.0925 0.12333333333333334
1 0.475 0.4266666666666667 0.0875 0.12
1 0.51875 0.9416666666666667 0.1025 0.11
1 0.6 0.71 0.095 0.12666666666666668
1 0.67375 0.745 0.1025 0.14333333333333334
1 0.63875 0.39166666666666666 0.0775 0.11
1 0.585 0.18 0.085 0.11666666666666667
1 0.6675 0.12 0.0875 0.12333333333333334
1 0.83875 0.1 0.0875 0.11333333333333333
1 0.95875 0.3516666666666667 0.0775 0.11666666666666667