1 0.06125 0.32209737827715357 0.05 0.0749063670411985
1 0.15375 0.18352059925093633 0.0375 0.056179775280898875
1 0.23625 0.3352059925093633 0.0475 0.06741573033707865
1 0.33125 0.11797752808988764 0.0375 0.052434456928838954
1 0.38 0.16666666666666666 0.045 0.07116104868913857
1 0.5025 0.352059925093633 0.06 0.09737827715355805
1 0.415 0.09363295880149813 0.0425 0.06367041198501873
1 0.47875 0.0898876404494382 0.04 0.0599250936329588
1 0.595 0.24157303370786518 0.05 0.07865168539325842
1 0.57625 0.18726591760299627 0.04 0.0599250936329588
2 0.38125 0.09550561797752809 0.0275 0.033707865168539325
2 0.55375 0.08426966292134831 0.025 0.0449438202247191
1 0.55375 0.024344569288389514 0.0275 0.03745318352059925
1 0.6275 0.10299625468164794 0.035 0.04868913857677903
2 0.5825 0.011235955056179775 0.03 0.02247191011235955
0 0.65375 0.03745318352059925 0.03 0.04868913857677903
1 0.70375 0.018726591760299626 0.0375 0.03745318352059925
1 0.72375 0.0149812734082397 0.0175 0.0299625468164794
2 0.6825 0.0149812734082397 0.025 0.0299625468164794
1 0.91125 0.018726591760299626 0.0375 0.03745318352059925