1 0.0475 0.13111111111111112 0.02 0.035555555555555556
1 0.14625 0.20222222222222222 0.025 0.04
1 0.05625 0.23777777777777778 0.045 0.08
1 0.1025 0.35333333333333333 0.0375 0.08
1 0.225 0.30666666666666664 0.065 0.12
1 0.2575 0.24888888888888888 0.03 0.06222222222222222
1 0.28875 0.23333333333333334 0.025 0.04888888888888889
1 0.35125 0.28 0.015 0.03111111111111111
1 0.32125 0.3022222222222222 0.0225 0.044444444444444446
1 0.33 0.3888888888888889 0.045 0.08444444444444445
1 0.3675 0.3688888888888889 0.0275 0.06222222222222222
1 0.41 0.40444444444444444 0.07 0.12
1 0.43625 0.6 0.0825 0.16
0 0.46375 0.35777777777777775 0.015 0.02666666666666667
1 0.59625 0.5133333333333333 0.035 0.07555555555555556
1 0.65125 0.47333333333333333 0.025 0.05333333333333334
1 0.68125 0.5844444444444444 0.045 0.08444444444444445
1 0.81375 0.8022222222222222 0.2 0.3688888888888889
1 0.89 0.9266666666666666 0.08 0.13777777777777778