1 0.30875 0.14222222222222222 0.0525 0.10666666666666667
1 0.44125 0.18666666666666668 0.06 0.10666666666666667
1 0.82875 0.27111111111111114 0.06 0.1111111111111111
1 0.9225 0.32666666666666666 0.01 0.03111111111111111
2 0.73 0.23555555555555555 0.0075 0.013333333333333334
1 0.6525 0.2111111111111111 0.01 0.017777777777777778
1 0.56125 0.18666666666666668 0.0025 0.008888888888888889
1 0.585 0.19111111111111112 0.005 0.008888888888888889
1 0.5875 0.19111111111111112 0.0075 0.013333333333333334
1 0.60875 0.19333333333333333 0.0025 0.008888888888888889
1 0.6175 0.20222222222222222 0.0025 0.008888888888888889