1 0.4125 0.6433333333333333 0.205 0.28
1 0.165 0.9416666666666667 0.18 0.11
1 0.0725 0.4583333333333333 0.145 0.20333333333333334
1 0.30625 0.38 0.1375 0.17666666666666667
1 0.6225 0.3016666666666667 0.175 0.23
1 0.46 0.17833333333333334 0.135 0.19333333333333333
1 0.65125 0.056666666666666664 0.1225 0.11333333333333333
1 0.0225 0.5133333333333333 0.045 0.12666666666666668
1 0.77625 0.035 0.1175 0.07
1 0.5575 0.06333333333333334 0.09 0.12666666666666668
2 0.37875 0.22833333333333333 0.0875 0.12666666666666668
2 0.85125 0.13666666666666666 0.165 0.21666666666666667