1 0.015 0.32079646017699115 0.03 0.0752212389380531
1 0.115 0.16592920353982302 0.065 0.13716814159292035
1 0.25125 0.3606194690265487 0.025 0.0752212389380531
0 0.36375 0.34513274336283184 0.03 0.061946902654867256
1 0.38875 0.16371681415929204 0.0375 0.09734513274336283
1 0.49875 0.16592920353982302 0.03 0.08849557522123894
1 0.49 0.22787610619469026 0.03 0.07079646017699115
1 0.64125 0.20353982300884957 0.0375 0.0752212389380531
1 0.69 0.20353982300884957 0.035 0.0752212389380531
1 0.7575 0.25663716814159293 0.02 0.048672566371681415
1 0.8025 0.19469026548672566 0.04 0.0752212389380531
1 0.8775 0.21017699115044247 0.0325 0.06637168141592921
1 0.9125 0.2079646017699115 0.0275 0.07079646017699115