2 0.13375 0.47123893805309736 0.0675 0.11061946902654868
2 0.13625 0.33185840707964603 0.06 0.08849557522123894
1 0.20875 0.3053097345132743 0.0525 0.0752212389380531
2 0.26875 0.36283185840707965 0.05 0.084070796460177
1 0.29875 0.2809734513274336 0.0475 0.08849557522123894
2 0.225 0.21902654867256638 0.055 0.10176991150442478
1 0.13125 0.6570796460176991 0.055 0.1504424778761062
2 0.19875 0.7079646017699115 0.08 0.15486725663716813
2 0.27125 0.8119469026548672 0.08 0.16371681415929204
1 0.38 0.8783185840707964 0.1025 0.19469026548672566
1 0.37 0.5221238938053098 0.0675 0.13274336283185842
1 0.36375 0.3584070796460177 0.065 0.09292035398230089
2 0.35625 0.18805309734513273 0.04 0.07079646017699115
1 0.4525 0.1902654867256637 0.045 0.10176991150442478
1 0.435 0.24778761061946902 0.0325 0.08849557522123894
1 0.5 0.1836283185840708 0.045 0.08849557522123894
2 0.55875 0.1261061946902655 0.0425 0.084070796460177
2 0.61 0.19469026548672566 0.065 0.11504424778761062
1 0.46125 0.45132743362831856 0.0575 0.11061946902654868
1 0.45875 0.6261061946902655 0.0675 0.10619469026548672
1 0.56125 0.5 0.065 0.13274336283185842
2 0.49 0.7986725663716814 0.045 0.11061946902654868
2 0.44125 0.8407079646017699 0.0475 0.1592920353982301
1 0.62625 0.8893805309734514 0.095 0.17256637168141592
1 0.64375 0.5442477876106194 0.0725 0.12831858407079647
1 0.70875 0.7632743362831859 0.0575 0.15486725663716813
1 0.675 0.3893805309734513 0.0525 0.09734513274336283
1 0.75625 0.5 0.06 0.11504424778761062
2 0.66625 0.10398230088495575 0.0525 0.09292035398230089
2 0.6675 0.2234513274336283 0.0425 0.06637168141592921
2 0.71375 0.12831858407079647 0.0475 0.07964601769911504
1 0.80625 0.08628318584070796 0.0375 0.084070796460177
2 0.7525 0.22787610619469026 0.0475 0.084070796460177
1 0.8375 0.47345132743362833 0.0725 0.084070796460177
2 0.89625 0.7035398230088495 0.0825 0.13274336283185842