1 0.06875 0.8911111111111111 0.03 0.057777777777777775
1 0.11375 0.8266666666666667 0.0325 0.057777777777777775
1 0.175 0.7844444444444445 0.035 0.06666666666666667
2 0.1875 0.9133333333333333 0.035 0.06222222222222222
2 0.25125 0.9511111111111111 0.03 0.05333333333333334
1 0.13875 0.6733333333333333 0.0325 0.057777777777777775
1 0.18625 0.64 0.0225 0.04888888888888889
2 0.125 0.5688888888888889 0.03 0.05333333333333334
1 0.0475 0.5066666666666667 0.025 0.04888888888888889
1 0.34125 0.8444444444444444 0.04 0.07555555555555556
1 0.4525 0.9688888888888889 0.045 0.05333333333333334
1 0.3525 0.7644444444444445 0.035 0.06666666666666667
2 0.31375 0.6422222222222222 0.0275 0.05333333333333334
1 0.27625 0.5977777777777777 0.03 0.05333333333333334
1 0.3825 0.5888888888888889 0.03 0.05333333333333334
1 0.4525 0.7622222222222222 0.04 0.07111111111111111
1 0.51375 0.8377777777777777 0.04 0.07555555555555556
1 0.48125 0.8488888888888889 0.0425 0.08
1 0.585 0.8888888888888888 0.0275 0.05333333333333334
1 0.53 0.6466666666666666 0.04 0.07555555555555556
1 0.5025 0.6133333333333333 0.0375 0.057777777777777775
1 0.445 0.4955555555555556 0.035 0.06222222222222222
1 0.34125 0.4955555555555556 0.035 0.06222222222222222
1 0.19875 0.49333333333333335 0.0275 0.044444444444444446
2 0.17875 0.4666666666666667 0.0275 0.05333333333333334
2 0.24375 0.4666666666666667 0.0325 0.057777777777777775
2 0.26875 0.41555555555555557 0.0275 0.04888888888888889
1 0.3375 0.3888888888888889 0.03 0.05333333333333334
1 0.30125 0.34444444444444444 0.0325 0.05333333333333334
1 0.195 0.29777777777777775 0.025 0.044444444444444446
1 0.22 0.24 0.0225 0.044444444444444446
1 0.2725 0.3244444444444444 0.025 0.044444444444444446
1 0.33875 0.2577777777777778 0.025 0.044444444444444446
1 0.20625 0.4266666666666667 0.025 0.044444444444444446
1 0.41375 0.43777777777777777 0.0325 0.05333333333333334
1 0.43125 0.35777777777777775 0.0325 0.06222222222222222
1 0.4725 0.37333333333333335 0.03 0.057777777777777775
1 0.51125 0.4711111111111111 0.0275 0.05333333333333334
1 0.71125 0.7377777777777778 0.0425 0.07555555555555556
1 0.7725 0.7822222222222223 0.045 0.08
1 0.6275 0.4688888888888889 0.0325 0.05333333333333334
1 0.59375 0.31333333333333335 0.03 0.05333333333333334
1 0.52625 0.3466666666666667 0.03 0.057777777777777775
1 0.53375 0.3 0.0275 0.04888888888888889
1 0.52375 0.23555555555555555 0.025 0.044444444444444446
1 0.45375 0.2111111111111111 0.0275 0.04888888888888889
1 0.2275 0.19777777777777777 0.02 0.04
2 0.315 0.15555555555555556 0.02 0.035555555555555556
1 0.34 0.11777777777777777 0.0275 0.04888888888888889
1 0.4125 0.10444444444444445 0.025 0.044444444444444446
1 0.44 0.028888888888888888 0.02 0.04
1 0.54625 0.05555555555555555 0.025 0.044444444444444446
2 0.56 0.017777777777777778 0.025 0.035555555555555556
1 0.5925 0.17777777777777778 0.025 0.044444444444444446
1 0.65375 0.24888888888888888 0.0275 0.05333333333333334
1 0.735 0.4222222222222222 0.04 0.07111111111111111
1 0.69 0.2733333333333333 0.03 0.057777777777777775
1 0.7225 0.3 0.0325 0.057777777777777775
1 0.71625 0.22 0.03 0.057777777777777775
1 0.75375 0.37555555555555553 0.03 0.057777777777777775
2 0.63375 0.013333333333333334 0.0225 0.02666666666666667
1 0.7075 0.013333333333333334 0.03 0.02666666666666667
1 0.79125 0.006666666666666667 0.0325 0.013333333333333334
1 0.76875 0.035555555555555556 0.025 0.04888888888888889
1 0.8225 0.02 0.03 0.04
1 0.85 0.06 0.0325 0.057777777777777775
1 0.8975 0.10444444444444445 0.0325 0.05333333333333334
1 0.98125 0.2777777777777778 0.03 0.06222222222222222
1 0.9575 0.19777777777777777 0.0325 0.06222222222222222
1 0.8975 0.1688888888888889 0.03 0.04888888888888889