1 0.08875 0.661504424778761 0.1775 0.3584070796460177
1 0.255 0.5597345132743363 0.115 0.21238938053097345
2 0.31 0.334070796460177 0.0725 0.11946902654867257
1 0.41 0.4911504424778761 0.095 0.16371681415929204
2 0.485 0.3473451327433628 0.0425 0.12831858407079647
1 0.55125 0.4314159292035398 0.1225 0.2345132743362832
1 0.6475 0.4491150442477876 0.0975 0.19911504424778761
2 0.69625 0.1747787610619469 0.05 0.09292035398230089
1 0.88125 0.28982300884955753 0.0525 0.084070796460177
1 0.93625 0.2721238938053097 0.0625 0.11504424778761062
1 0.75 0.36504424778761063 0.0525 0.09292035398230089
1 0.785 0.4778761061946903 0.0825 0.15486725663716813
1 0.96 0.5353982300884956 0.0775 0.1504424778761062
1 0.72375 0.9269911504424779 0.1475 0.13716814159292035
1 0.46875 0.09070796460176991 0.035 0.061946902654867256
2 0.62 0.15486725663716813 0.035 0.0752212389380531
2 0.805 0.1084070796460177 0.035 0.05752212389380531