0 0.14125 0.7411504424778761 0.19 0.3407079646017699
1 0.47 0.665929203539823 0.1675 0.3185840707964602
1 0.595 0.6969026548672567 0.1125 0.22566371681415928
1 0.7175 0.6327433628318584 0.17 0.3053097345132743
1 0.83625 0.4491150442477876 0.13 0.24778761061946902
1 0.60375 0.25663716814159293 0.09 0.17699115044247787
1 0.65375 0.168141592920354 0.0875 0.1592920353982301
1 0.45 0.27654867256637167 0.0675 0.12831858407079647
1 0.4775 0.18584070796460178 0.07 0.12831858407079647
1 0.43625 0.3672566371681416 0.0825 0.13716814159292035
1 0.4825 0.04424778761061947 0.0525 0.08849557522123894
1 0.42125 0.07964601769911504 0.05 0.084070796460177