0 0.15125 0.2808988764044944 0.185 0.2846441947565543
1 0.38375 0.6217228464419475 0.1775 0.2696629213483146
1 0.4475 0.7865168539325843 0.1125 0.19101123595505617
1 0.5575 0.8801498127340824 0.175 0.23220973782771537
1 0.70875 0.9157303370786517 0.1325 0.16104868913857678
1 0.65 0.5655430711610487 0.095 0.15355805243445692
1 0.72125 0.5730337078651685 0.095 0.14232209737827714
1 0.54375 0.3951310861423221 0.0675 0.10861423220973783
1 0.60625 0.38202247191011235 0.0775 0.11610486891385768
1 0.67 0.30711610486891383 0.0525 0.08239700374531835
1 0.7525 0.3445692883895131 0.05 0.07865168539325842
1 0.6175 0.2546816479400749 0.05 0.07865168539325842
1 0.67375 0.24157303370786518 0.04 0.0599250936329588
1 0.7375 0.2752808988764045 0.045 0.06367041198501873
1 0.82375 0.3258426966292135 0.0425 0.056179775280898875
1 0.98125 0.4400749063670412 0.03 0.0449438202247191