1 0.07875 0.04066985645933014 0.0525 0.08133971291866028
1 0.1825 0.10287081339712918 0.045 0.0861244019138756
1 0.26875 0.16028708133971292 0.0475 0.09090909090909091
1 0.3275 0.09569377990430622 0.0425 0.09090909090909091
1 0.37625 0.16267942583732056 0.045 0.09569377990430622
1 0.47375 0.24641148325358853 0.0475 0.09569377990430622
1 0.5975 0.3014354066985646 0.045 0.09090909090909091
1 0.67375 0.3923444976076555 0.04 0.08133971291866028
1 0.7625 0.4354066985645933 0.045 0.0861244019138756
1 0.845 0.5334928229665071 0.05 0.0861244019138756
1 0.96125 0.5598086124401914 0.055 0.10047846889952153