1 0.0625 0.6007326007326007 0.125 0.32967032967032966
2 0.47 0.04945054945054945 0.0475 0.07326007326007326
1 0.37 0.03296703296703297 0.07 0.06593406593406594
1 0.29375 0.12087912087912088 0.06 0.09157509157509157
1 0.38125 0.152014652014652 0.08 0.11721611721611722
2 0.6175 0.23076923076923078 0.0475 0.07692307692307693
2 0.575 0.2765567765567766 0.0675 0.09523809523809523
1 0.7225 0.19047619047619047 0.0675 0.10622710622710622
1 0.85375 0.27289377289377287 0.0525 0.09157509157509157
1 0.775 0.5421245421245421 0.0925 0.12454212454212454
1 0.94125 0.4542124542124542 0.07 0.0989010989010989
1 0.50375 0.4157509157509158 0.0825 0.1282051282051282