1 0.32 0.12666666666666668 0.055 0.10666666666666667
1 0.45 0.18222222222222223 0.0625 0.1111111111111111
1 0.835 0.3 0.0625 0.11555555555555555
1 0.92625 0.36666666666666664 0.0125 0.03111111111111111
2 0.7375 0.2577777777777778 0.0075 0.013333333333333334
1 0.66125 0.22444444444444445 0.01 0.017777777777777778
1 0.57 0.19111111111111112 0.005 0.008888888888888889
1 0.59375 0.2 0.005 0.008888888888888889
1 0.59625 0.2 0.0075 0.013333333333333334
1 0.6175 0.20444444444444446 0.005 0.008888888888888889
1 0.62625 0.21333333333333335 0.005 0.008888888888888889