1 0.0175 0.5251798561151079 0.035 0.1079136690647482
1 0.0575 0.5251798561151079 0.045 0.0683453237410072
1 0.18625 0.3920863309352518 0.05 0.07553956834532374
1 0.24625 0.3579136690647482 0.07 0.1079136690647482
1 0.285 0.34532374100719426 0.04 0.06115107913669065
1 0.34125 0.35251798561151076 0.05 0.07194244604316546
1 0.4075 0.31115107913669066 0.0475 0.0683453237410072
1 0.51 0.29136690647482016 0.0675 0.09712230215827339
1 0.52875 0.17446043165467626 0.06 0.08633093525179857
1 0.625 0.1366906474820144 0.045 0.0683453237410072
1 0.65875 0.11151079136690648 0.0575 0.08633093525179857
1 0.755 0.15467625899280577 0.0625 0.08992805755395683
1 0.80875 0.05755395683453238 0.06 0.09712230215827339
1 0.36375 0.32194244604316546 0.0275 0.04316546762589928