1 0.24 0.16117216117216118 0.065 0.09523809523809523
1 0.19875 0.2967032967032967 0.0675 0.10256410256410256
2 0.33375 0.12087912087912088 0.0575 0.08791208791208792
1 0.28625 0.27289377289377287 0.085 0.13553113553113552
1 0.12625 0.8534798534798534 0.1825 0.2857142857142857
2 0.52375 0.1813186813186813 0.0475 0.08058608058608059
2 0.49875 0.2509157509157509 0.0725 0.10622710622710622
1 0.47625 0.4249084249084249 0.0925 0.14285714285714285
1 0.60125 0.0695970695970696 0.0725 0.11721611721611722
1 0.7475 0.06227106227106227 0.06 0.0989010989010989
1 0.76 0.3516483516483517 0.09 0.13186813186813187
1 0.88125 0.163003663003663 0.0725 0.10256410256410256