1 0.14625 0.3313953488372093 0.07 0.10077519379844961
1 0.27375 0.501937984496124 0.0575 0.08527131782945736
1 0.40125 0.24224806201550386 0.06 0.08914728682170543
1 0.81875 0.02131782945736434 0.0575 0.04263565891472868
1 0.615 0.13372093023255813 0.0475 0.06976744186046512
1 0.53375 0.15891472868217055 0.0425 0.06201550387596899
1 0.5 0.21124031007751937 0.035 0.05813953488372093
1 0.03375 0.43410852713178294 0.035 0.050387596899224806
1 0.225 0.2810077519379845 0.0325 0.05426356589147287
1 0.27625 0.28488372093023256 0.0275 0.04263565891472868
1 0.325 0.2655038759689923 0.025 0.03875968992248062