1 0.2075 0.334070796460177 0.0925 0.17256637168141592
2 0.38 0.5685840707964602 0.17 0.336283185840708
1 0.1175 0.1902654867256637 0.0725 0.13716814159292035
0 0.21 0.05752212389380531 0.055 0.11504424778761062
2 0.24625 0.22787610619469026 0.065 0.10619469026548672
1 0.315 0.18141592920353983 0.06 0.09734513274336283
1 0.38125 0.18584070796460178 0.0675 0.10619469026548672
1 0.4525 0.2610619469026549 0.0575 0.09734513274336283
1 0.48875 0.3473451327433628 0.0675 0.12389380530973451
1 0.56125 0.38495575221238937 0.075 0.10619469026548672
2 0.5025 0.16150442477876106 0.0425 0.084070796460177
1 0.42875 0.059734513274336286 0.0275 0.048672566371681415
1 0.515 0.0752212389380531 0.03 0.05309734513274336
1 0.675 0.5176991150442478 0.1075 0.18584070796460178
1 0.1725 0.07079646017699115 0.0475 0.09734513274336283
1 0.3075 0.09955752212389381 0.0525 0.07964601769911504
1 0.625 0.09292035398230089 0.0175 0.035398230088495575
1 0.7425 0.9446902654867256 0.09 0.10176991150442478
1 0.8275 0.661504424778761 0.105 0.19911504424778761
1 0.8425 0.4092920353982301 0.0775 0.12389380530973451
1 0.81875 0.5398230088495575 0.0475 0.10619469026548672
1 0.805 0.3141592920353982 0.0525 0.11504424778761062
1 0.9 0.3141592920353982 0.04 0.0752212389380531