1 0.02125 0.50187265917603 0.0425 0.07865168539325842
1 0.0875 0.46254681647940077 0.045 0.07116104868913857
1 0.19125 0.45880149812734083 0.0475 0.07116104868913857
1 0.285 0.4307116104868914 0.0425 0.06367041198501873
1 0.3475 0.449438202247191 0.045 0.08239700374531835
1 0.4825 0.46441947565543074 0.045 0.0749063670411985
1 0.5025 0.4250936329588015 0.0275 0.08614232209737828
1 0.61125 0.43258426966292135 0.025 0.04868913857677903
1 0.68875 0.32209737827715357 0.0525 0.09363295880149813
1 0.86875 0.34269662921348315 0.06 0.0898876404494382
1 0.99 0.36329588014981273 0.0175 0.07116104868913857
1 0.925 0.36142322097378277 0.0475 0.07865168539325842
2 0.63625 0.4400749063670412 0.035 0.07116104868913857
2 0.40375 0.49250936329588013 0.0425 0.0749063670411985
2 0.25875 0.4737827715355805 0.0475 0.08239700374531835