1 0.04125 0.5583333333333333 0.0775 0.11
1 0.08625 0.4 0.0375 0.06
1 0.12125 0.36666666666666664 0.025 0.04
1 0.19875 0.4066666666666667 0.0375 0.04666666666666667
1 0.23875 0.3433333333333333 0.0275 0.04666666666666667
1 0.17625 0.325 0.02 0.03
1 0.28375 0.515 0.1125 0.17333333333333334
1 0.40625 0.38166666666666665 0.0225 0.03
1 0.29375 0.3383333333333333 0.02 0.02666666666666667
1 0.44375 0.45 0.04 0.056666666666666664
1 0.54375 0.44666666666666666 0.06 0.09
1 0.49375 0.39166666666666666 0.015 0.03
1 0.45125 0.38 0.0175 0.02
1 0.58875 0.36 0.0275 0.03666666666666667
1 0.70375 0.4066666666666667 0.025 0.03
1 0.74875 0.46 0.025 0.03333333333333333
1 0.825 0.47 0.05 0.07
1 0.89375 0.4266666666666667 0.0225 0.03333333333333333
1 0.9875 0.5 0.02 0.06666666666666667
1 0.665 0.38 0.01 0.016666666666666666
1 0.70625 0.35833333333333334 0.015 0.02
1 0.73375 0.37833333333333335 0.0125 0.016666666666666666
1 0.77875 0.42 0.0225 0.03333333333333333
1 0.96375 0.4216666666666667 0.0225 0.03333333333333333
1 0.9875 0.4033333333333333 0.01 0.02