1 0.0375 0.2940074906367041 0.075 0.09737827715355805
1 0.16875 0.2565543071161049 0.0725 0.10861423220973783
1 0.2925 0.23220973782771537 0.0775 0.11235955056179775
1 0.38625 0.25280898876404495 0.0675 0.07865168539325842
1 0.43875 0.24906367041198502 0.07 0.10861423220973783
1 0.6825 0.18726591760299627 0.0725 0.149812734082397
1 0.82625 0.2303370786516854 0.08 0.14232209737827714
1 0.895 0.4868913857677903 0.0875 0.15730337078651685
1 0.81375 0.5842696629213483 0.09 0.12359550561797752
1 0.61625 0.5936329588014981 0.08 0.13108614232209737
1 0.52125 0.49812734082397003 0.0775 0.15355805243445692
1 0.355 0.6142322097378277 0.0975 0.12734082397003746
1 0.14125 0.5580524344569289 0.08 0.13857677902621723