1 0.70875 0.018726591760299626 0.0875 0.03745318352059925
1 0.045 0.5168539325842697 0.065 0.09363295880149813
1 0.535 0.13108614232209737 0.065 0.09737827715355805
1 0.62375 0.1760299625468165 0.045 0.06741573033707865
0 0.82875 0.03745318352059925 0.0675 0.0749063670411985
0 0.3875 0.24531835205992508 0.08 0.12734082397003746
0 0.09125 0.5636704119850188 0.08 0.12359550561797752
2 0.00875 0.5580524344569289 0.0175 0.09737827715355805
2 0.16625 0.5243445692883895 0.075 0.11235955056179775
2 0.18125 0.4419475655430712 0.0525 0.07865168539325842
2 0.3 0.3651685393258427 0.0575 0.08239700374531835
2 0.50375 0.17790262172284643 0.0575 0.08614232209737828
2 0.595 0.0449438202247191 0.065 0.0898876404494382