2 0.02 0.5093632958801498 0.03 0.06741573033707865
1 0.06875 0.5411985018726592 0.055 0.08614232209737828
1 0.15 0.5449438202247191 0.025 0.052434456928838954
1 0.22125 0.6367041198501873 0.05 0.0749063670411985
2 0.32 0.4868913857677903 0.0325 0.052434456928838954
1 0.3425 0.5149812734082397 0.0425 0.06367041198501873
0 0.38125 0.5449438202247191 0.035 0.04868913857677903
2 0.3425 0.5973782771535581 0.0425 0.06367041198501873
1 0.29 0.6123595505617978 0.045 0.06367041198501873
1 0.38375 0.6292134831460674 0.0475 0.0749063670411985
1 0.4325 0.599250936329588 0.045 0.0749063670411985
1 0.5275 0.6086142322097379 0.0375 0.056179775280898875
1 0.46375 0.6910112359550562 0.05 0.07865168539325842
1 0.4725 0.7715355805243446 0.055 0.0898876404494382
1 0.57875 0.6198501872659176 0.0475 0.0749063670411985
2 0.48125 0.9625468164794008 0.0625 0.06741573033707865
1 0.56625 0.5131086142322098 0.0325 0.04868913857677903
1 0.52125 0.4550561797752809 0.03 0.04868913857677903
1 0.6125 0.5393258426966292 0.0325 0.04868913857677903
1 0.735 0.5149812734082397 0.03 0.0449438202247191
1 0.78875 0.552434456928839 0.0225 0.03745318352059925
1 0.8875 0.6779026217228464 0.03 0.0449438202247191