1 0.10875 0.39805825242718446 0.1 0.21359223300970873
1 0.11125 0.08009708737864078 0.0825 0.16019417475728157
1 0.19625 0.024271844660194174 0.0775 0.04854368932038835
1 0.23125 0.38349514563106796 0.085 0.1941747572815534
1 0.18625 0.2524271844660194 0.07 0.1553398058252427
1 0.32625 0.5121359223300971 0.0825 0.22330097087378642
1 0.225 0.8155339805825242 0.1075 0.16019417475728157
1 0.38 0.8519417475728155 0.13 0.23786407766990292
1 0.44 0.32524271844660196 0.09 0.20388349514563106
1 0.3775 0.17475728155339806 0.08 0.16990291262135923
1 0.55875 0.4029126213592233 0.0775 0.16990291262135923
1 0.54125 0.8131067961165048 0.1 0.1941747572815534
1 0.61375 0.6432038834951457 0.0825 0.20388349514563106
1 0.62375 0.3786407766990291 0.0825 0.18932038834951456
1 0.70375 0.21359223300970873 0.07 0.1553398058252427
2 0.58625 0.12135922330097088 0.0575 0.11650485436893204
1 0.76875 0.5461165048543689 0.075 0.16990291262135923
1 0.77625 0.8179611650485437 0.1125 0.23786407766990292
1 0.82875 0.8155339805825242 0.075 0.1796116504854369
1 0.95375 0.6771844660194175 0.0875 0.21844660194174756
1 0.95125 0.41019417475728154 0.08 0.17475728155339806
1 0.97625 0.279126213592233 0.0425 0.12135922330097088
1 0.85625 0.529126213592233 0.0825 0.16990291262135923