1 0.04875 0.44019933554817275 0.0975 0.14950166112956811
1 0.11125 0.29401993355481726 0.05 0.06976744186046512
1 0.1525 0.2724252491694352 0.035 0.04983388704318937
1 0.2075 0.24584717607973422 0.03 0.036544850498338874
1 0.06125 0.20930232558139536 0.0275 0.03322259136212625
1 0.21875 0.33222591362126247 0.045 0.053156146179401995
1 0.2675 0.27740863787375414 0.035 0.046511627906976744
1 0.28625 0.4568106312292359 0.14 0.19601328903654486
1 0.32375 0.28903654485049834 0.03 0.03322259136212625
1 0.405 0.3289036544850498 0.02 0.026578073089700997
1 0.4225 0.3588039867109635 0.0325 0.03986710963455149
1 0.45125 0.4335548172757475 0.0525 0.07308970099667775
1 0.55 0.4568106312292359 0.0775 0.10299003322259136
1 0.525 0.40365448504983387 0.03 0.053156146179401995
1 0.4675 0.3654485049833887 0.02 0.026578073089700997
1 0.60875 0.38205980066445183 0.0325 0.036544850498338874
1 0.71375 0.4601328903654485 0.03 0.03322259136212625
1 0.72125 0.4119601328903654 0.02 0.026578073089700997
1 0.74875 0.5199335548172758 0.03 0.03986710963455149
1 0.745 0.4368770764119601 0.02 0.023255813953488372
1 0.785 0.4883720930232558 0.025 0.036544850498338874
1 0.825 0.5498338870431894 0.0575 0.07641196013289037
1 0.89625 0.526578073089701 0.03 0.03986710963455149
1 0.97875 0.6162790697674418 0.035 0.07308970099667775
1 0.9675 0.5365448504983389 0.035 0.04318936877076412
2 0.56875 0.36710963455149503 0.0175 0.023255813953488372