1 0.0775 0.6444444444444445 0.07 0.1288888888888889
1 0.16625 0.6377777777777778 0.0625 0.11555555555555555
1 0.32875 0.47555555555555556 0.0775 0.14222222222222222
1 0.37125 0.41333333333333333 0.0575 0.10222222222222223
1 0.47 0.5911111111111111 0.07 0.1288888888888889
1 0.4775 0.3111111111111111 0.045 0.09333333333333334
1 0.5125 0.29333333333333333 0.0625 0.12
1 0.56625 0.28444444444444444 0.0575 0.10222222222222223
1 0.60875 0.28888888888888886 0.06 0.1111111111111111
1 0.67125 0.26222222222222225 0.0775 0.13777777777777778
1 0.6925 0.12 0.05 0.09333333333333334
2 0.73 0.08888888888888889 0.05 0.08888888888888889
1 0.79375 0.035555555555555556 0.0625 0.07111111111111111
1 0.85 0.028888888888888888 0.07 0.057777777777777775
1 0.26375 0.45111111111111113 0.05 0.09333333333333334
1 0.435 0.35777777777777775 0.0475 0.08888888888888889
1 0.32625 0.4 0.05 0.08888888888888889
1 0.7575 0.06222222222222222 0.035 0.06666666666666667