1 0.05125 0.6433333333333333 0.08 0.11333333333333333
1 0.08 0.4766666666666667 0.0375 0.06
1 0.11125 0.43833333333333335 0.025 0.043333333333333335
1 0.19125 0.4633333333333333 0.0375 0.04666666666666667
1 0.225 0.3933333333333333 0.0275 0.04666666666666667
1 0.16125 0.38666666666666666 0.0225 0.03333333333333333
1 0.2875 0.555 0.115 0.17666666666666667
1 0.39375 0.4 0.025 0.03333333333333333
1 0.27875 0.37833333333333335 0.0225 0.03
1 0.43875 0.46 0.04 0.056666666666666664
1 0.5375 0.43833333333333335 0.0625 0.09333333333333334
1 0.4825 0.3933333333333333 0.0175 0.03
1 0.43875 0.39 0.0175 0.023333333333333334
1 0.5725 0.345 0.0275 0.03666666666666667
1 0.6925 0.37 0.0275 0.03
1 0.74125 0.415 0.025 0.03666666666666667
1 0.81875 0.41 0.0525 0.07333333333333333
1 0.8825 0.355 0.0225 0.03666666666666667
1 0.98375 0.4083333333333333 0.025 0.06666666666666667
1 0.65125 0.35 0.01 0.016666666666666666
1 0.68875 0.32 0.0175 0.023333333333333334
1 0.71875 0.335 0.0125 0.016666666666666666
1 0.7675 0.36833333333333335 0.0225 0.03666666666666667
1 0.95125 0.33666666666666667 0.0225 0.03666666666666667
1 0.9725 0.315 0.0125 0.02