1 0.23 0.23672566371681417 0.1025 0.18584070796460178
2 0.37375 0.5265486725663717 0.1925 0.3672566371681416
1 0.16 0.07300884955752213 0.085 0.14601769911504425
0 0.26375 0.017699115044247787 0.0675 0.035398230088495575
2 0.28 0.14823008849557523 0.07 0.11946902654867257
1 0.3525 0.12389380530973451 0.065 0.11061946902654868
1 0.4175 0.15265486725663716 0.075 0.11946902654867257
1 0.47875 0.24778761061946902 0.0625 0.10619469026548672
1 0.50625 0.34513274336283184 0.0775 0.13716814159292035
1 0.5725 0.40707964601769914 0.08 0.12389380530973451
2 0.53875 0.168141592920354 0.0475 0.08849557522123894
1 0.4775 0.04424778761061947 0.03 0.05309734513274336
1 0.56 0.08849557522123894 0.0325 0.05752212389380531
1 0.67 0.577433628318584 0.12 0.2079646017699115
1 0.225 0.011061946902654867 0.055 0.022123893805309734
1 0.35625 0.046460176991150445 0.0575 0.09292035398230089
1 0.6675 0.1415929203539823 0.02 0.03982300884955752
1 0.80375 0.7699115044247787 0.1175 0.22123893805309736
1 0.845 0.5265486725663717 0.085 0.1415929203539823
1 0.80875 0.6482300884955752 0.055 0.11061946902654868
1 0.81875 0.42035398230088494 0.0625 0.12389380530973451
1 0.9125 0.45132743362831856 0.045 0.084070796460177