1 0.3 0.13419117647058823 0.06 0.09191176470588236
1 0.43 0.20955882352941177 0.035 0.05514705882352941
2 0.47 0.20220588235294118 0.04 0.058823529411764705
2 0.48125 0.28308823529411764 0.0375 0.04411764705882353
0 0.53625 0.2426470588235294 0.04 0.06985294117647059
1 0.645 0.25 0.0275 0.04779411764705882
1 0.6675 0.3400735294117647 0.04 0.06985294117647059
1 0.77 0.36580882352941174 0.045 0.08088235294117647
2 0.85375 0.34558823529411764 0.0575 0.08823529411764706
1 0.93125 0.41544117647058826 0.06 0.09926470588235294
2 0.36875 0.24632352941176472 0.0325 0.04044117647058824