1 0.115 0.6216814159292036 0.0975 0.21238938053097345
1 0.2575 0.39601769911504425 0.1025 0.16371681415929204
1 0.06375 0.3672566371681416 0.055 0.09734513274336283
1 0.285 0.1570796460176991 0.05 0.09734513274336283
1 0.44375 0.34292035398230086 0.0625 0.11504424778761062
1 0.4975 0.25663716814159293 0.0475 0.09734513274336283
1 0.59625 0.23672566371681417 0.045 0.10619469026548672
1 0.56625 0.4314159292035398 0.0725 0.13274336283185842
1 0.62125 0.6327433628318584 0.0725 0.14601769911504425
1 0.75125 0.34292035398230086 0.0775 0.12389380530973451
1 0.54875 0.035398230088495575 0.0375 0.07079646017699115
1 0.7775 0.028761061946902654 0.045 0.05752212389380531
1 0.9175 0.07079646017699115 0.085 0.1415929203539823
1 0.42625 0.12389380530973451 0.0275 0.06637168141592921