0 0.21125 0.06792452830188679 0.1525 0.13584905660377358
2 0.3625 0.024528301886792454 0.085 0.04905660377358491
1 0.44625 0.14150943396226415 0.065 0.10566037735849057
1 0.4625 0.30377358490566037 0.1075 0.1660377358490566
1 0.21 0.5773584905660377 0.2725 0.4075471698113208
1 0.505 0.7056603773584905 0.26 0.4
1 0.63625 0.47924528301886793 0.1325 0.20754716981132076
1 0.565 0.269811320754717 0.095 0.1471698113207547
2 0.87375 0.4641509433962264 0.11 0.1660377358490566
1 0.9725 0.44339622641509435 0.05 0.16226415094339622
1 0.9575 0.5867924528301887 0.08 0.18490566037735848
1 0.75 0.7264150943396226 0.1525 0.23773584905660378