1 0.06125 0.4387755102040816 0.055 0.09795918367346938
1 0.1475 0.4530612244897959 0.06 0.08979591836734693
1 0.265 0.32040816326530613 0.035 0.0653061224489796
1 0.3275 0.35714285714285715 0.06 0.11428571428571428
1 0.335 0.2938775510204082 0.0375 0.06938775510204082
1 0.375 0.32040816326530613 0.05 0.08979591836734693
1 0.45 0.49387755102040815 0.06 0.09795918367346938
1 0.3975 0.28775510204081634 0.0225 0.061224489795918366
1 0.4425 0.28775510204081634 0.035 0.06938775510204082
1 0.49 0.2653061224489796 0.04 0.07755102040816327
1 0.52375 0.2571428571428571 0.0525 0.09795918367346938
1 0.57875 0.26326530612244897 0.045 0.07755102040816327
1 0.61875 0.2755102040816326 0.0475 0.08979591836734693
1 0.6825 0.2714285714285714 0.0625 0.09795918367346938
1 0.67 0.13673469387755102 0.03 0.061224489795918366
1 0.72375 0.15714285714285714 0.045 0.08163265306122448
2 0.76 0.14285714285714285 0.0425 0.07346938775510205
1 0.79 0.12040816326530612 0.025 0.053061224489795916
1 0.83 0.09387755102040816 0.0475 0.07755102040816327
1 0.8875 0.08979591836734693 0.0575 0.09387755102040816