1 0.06125 0.20037453183520598 0.0725 0.0898876404494382
1 0.195 0.1891385767790262 0.0675 0.10112359550561797
1 0.32 0.19101123595505617 0.0725 0.10486891385767791
1 0.41 0.2303370786516854 0.065 0.07116104868913857
1 0.4625 0.2397003745318352 0.065 0.10486891385767791
1 0.71 0.22846441947565543 0.065 0.14606741573033707
1 0.84875 0.301498127340824 0.075 0.1348314606741573
1 0.8925 0.5692883895131086 0.08 0.149812734082397
1 0.8025 0.649812734082397 0.085 0.11610486891385768
1 0.60625 0.6161048689138576 0.075 0.12359550561797752
1 0.52125 0.5037453183520599 0.07 0.14606741573033707
1 0.345 0.5842696629213483 0.0925 0.11610486891385768
1 0.13875 0.48314606741573035 0.075 0.13108614232209737