1 0.36375 0.5283333333333333 0.2225 0.30333333333333334
1 0.045 0.585 0.09 0.27666666666666667
1 0.20125 0.09833333333333333 0.1625 0.19666666666666666
1 0.41625 0.23833333333333334 0.1475 0.19
1 0.69 0.46166666666666667 0.1875 0.24666666666666667
1 0.63125 0.225 0.1475 0.20666666666666667
1 0.85 0.2816666666666667 0.1325 0.18
1 0.12875 0.07166666666666667 0.08 0.12666666666666668
1 0.9475 0.37166666666666665 0.1 0.16333333333333333
1 0.76375 0.22333333333333333 0.0975 0.14
2 0.54625 0.19 0.0975 0.13333333333333333
2 0.925 0.545 0.145 0.23666666666666666