1 0.135 0.06858407079646017 0.0625 0.11504424778761062
1 0.20875 0.16371681415929204 0.0575 0.10619469026548672
1 0.38625 0.22787610619469026 0.07 0.12389380530973451
1 0.4425 0.2411504424778761 0.055 0.10619469026548672
1 0.45 0.48451327433628316 0.07 0.12831858407079647
1 0.51375 0.2676991150442478 0.0375 0.0752212389380531
1 0.5625 0.2809734513274336 0.04 0.09292035398230089
1 0.5925 0.30973451327433627 0.055 0.11061946902654868
1 0.6375 0.3672566371681416 0.0475 0.09292035398230089
1 0.6675 0.4225663716814159 0.055 0.11061946902654868
1 0.725 0.47345132743362833 0.07 0.13274336283185842
1 0.79375 0.3893805309734513 0.045 0.08849557522123894
2 0.8325 0.413716814159292 0.05 0.0752212389380531
1 0.9075 0.4247787610619469 0.0575 0.10176991150442478
1 0.96 0.47345132743362833 0.0625 0.11504424778761062
1 0.41375 0.17256637168141592 0.0475 0.084070796460177
1 0.34875 0.13716814159292035 0.045 0.07964601769911504