1 0.815 0.10486891385767791 0.0625 0.10112359550561797
0 0.915 0.2209737827715356 0.0525 0.0898876404494382
1 0.6175 0.17228464419475656 0.0525 0.07865168539325842
1 0.69125 0.2546816479400749 0.04 0.06741573033707865
1 0.07125 0.28651685393258425 0.0475 0.08239700374531835
0 0.1025 0.350187265917603 0.0625 0.10112359550561797
0 0.4525 0.20224719101123595 0.0725 0.11235955056179775
2 0.18 0.350187265917603 0.0625 0.10112359550561797
2 0.0125 0.29213483146067415 0.025 0.0749063670411985
2 0.3425 0.27153558052434457 0.05 0.07865168539325842
2 0.57875 0.20037453183520598 0.04 0.06741573033707865
2 0.69625 0.11423220973782772 0.0525 0.0749063670411985
2 0.2175 0.2808988764044944 0.04 0.07116104868913857