1 0.12625 0.03237410071942446 0.0725 0.06474820143884892
1 0.17 0.07733812949640288 0.045 0.0683453237410072
1 0.32625 0.10971223021582734 0.0475 0.07553956834532374
1 0.38625 0.14388489208633093 0.0675 0.1079136690647482
1 0.42 0.17446043165467626 0.0375 0.06115107913669065
1 0.45625 0.2356115107913669 0.0475 0.0683453237410072
1 0.525 0.2715827338129496 0.0475 0.06474820143884892
1 0.60875 0.3597122302158273 0.0675 0.09352517985611511
1 0.67875 0.2931654676258993 0.0575 0.08273381294964029
1 0.765 0.36330935251798563 0.045 0.0683453237410072
1 0.80125 0.37949640287769787 0.0575 0.08633093525179857
1 0.85 0.5071942446043165 0.0625 0.08992805755395683
1 0.935 0.4892086330935252 0.06 0.09712230215827339
1 0.4875 0.2356115107913669 0.0275 0.04316546762589928