1 0.33875 0.40444444444444444 0.0875 0.2088888888888889
1 0.07125 0.5777777777777777 0.1 0.19111111111111112
1 0.14625 0.43777777777777777 0.085 0.17333333333333334
1 0.39125 0.5422222222222223 0.0825 0.1688888888888889
1 0.4225 0.3844444444444444 0.075 0.1511111111111111
1 0.565 0.24444444444444444 0.115 0.19555555555555557
1 0.22125 0.44666666666666666 0.0525 0.1288888888888889
0 0.63375 0.4222222222222222 0.1275 0.2577777777777778
2 0.74 0.3088888888888889 0.09 0.18666666666666668
2 0.9125 0.13333333333333333 0.0675 0.14222222222222222
2 0.94 0.11555555555555555 0.0525 0.15555555555555556