1 0.09 0.28277153558052437 0.0475 0.07865168539325842
1 0.155 0.25280898876404495 0.04 0.06367041198501873
1 0.20625 0.22659176029962547 0.0325 0.052434456928838954
1 0.2725 0.3052434456928839 0.05 0.0749063670411985
1 0.425 0.30711610486891383 0.05 0.0749063670411985
1 0.515 0.24531835205992508 0.0875 0.13857677902621723
1 0.6125 0.24719101123595505 0.045 0.0898876404494382
1 0.70125 0.33707865168539325 0.0325 0.04868913857677903
1 0.76875 0.29775280898876405 0.045 0.07865168539325842
1 0.8575 0.35767790262172283 0.0375 0.06367041198501873
1 0.94375 0.3352059925093633 0.0375 0.06741573033707865
1 0.97625 0.32771535580524347 0.0225 0.04868913857677903
1 0.28875 0.21910112359550563 0.03 0.04119850187265917