1 0.00875 0.4533333333333333 0.0175 0.10666666666666667
1 0.05125 0.46444444444444444 0.07 0.1288888888888889
2 0.095 0.5977777777777777 0.0675 0.12
1 0.20125 0.2644444444444444 0.0725 0.11555555555555555
1 0.265 0.52 0.075 0.14222222222222222
0 0.21125 0.8333333333333334 0.08 0.16
1 0.18875 0.9266666666666666 0.0975 0.13777777777777778
1 0.46 0.9355555555555556 0.09 0.12
1 0.415 0.13333333333333333 0.0825 0.13777777777777778
1 0.46125 0.30666666666666664 0.08 0.14222222222222222
1 0.55125 0.6733333333333333 0.0725 0.12444444444444444
1 0.61625 0.7333333333333333 0.095 0.16444444444444445
1 0.57875 0.04888888888888889 0.0775 0.09777777777777778
1 0.61 0.3022222222222222 0.0725 0.13777777777777778
1 0.66125 0.03111111111111111 0.0925 0.06222222222222222
1 0.8175 0.028888888888888888 0.085 0.057777777777777775
1 0.91875 0.31333333333333335 0.0925 0.14666666666666667