2 0.01625 0.5205992509363296 0.0325 0.09737827715355805
1 0.07125 0.5355805243445693 0.0975 0.1647940074906367
1 0.12625 0.4943820224719101 0.0375 0.056179775280898875
1 0.24875 0.36891385767790263 0.075 0.12359550561797752
1 0.30125 0.37453183520599254 0.05 0.08614232209737828
1 0.47375 0.2883895131086142 0.0525 0.08614232209737828
2 0.5075 0.2153558052434457 0.055 0.0898876404494382
1 0.5675 0.2546816479400749 0.0575 0.09363295880149813
1 0.72625 0.18352059925093633 0.0725 0.11235955056179775
2 0.36875 0.42696629213483145 0.035 0.052434456928838954
1 0.83875 0.0056179775280898875 0.0275 0.011235955056179775
1 0.62 0.13670411985018727 0.035 0.056179775280898875