1 0.90625 0.40823970037453183 0.0825 0.12734082397003746
1 0.20625 0.0149812734082397 0.0675 0.0299625468164794
1 0.71375 0.3089887640449438 0.0625 0.09737827715355805
1 0.74625 0.4400749063670412 0.045 0.06741573033707865
0 0.95375 0.5805243445692884 0.065 0.10112359550561797
0 0.56125 0.20973782771535582 0.0775 0.12734082397003746
0 0.21 0.06367041198501873 0.0775 0.1198501872659176
2 0.2775 0.1254681647940075 0.0725 0.11235955056179775
2 0.33 0.09363295880149813 0.05 0.07865168539325842
2 0.44375 0.18164794007490637 0.0575 0.08239700374531835
2 0.67 0.301498127340824 0.055 0.08239700374531835
2 0.79875 0.3202247191011236 0.0625 0.0898876404494382