1 0.00875 0.4711111111111111 0.0175 0.10666666666666667
1 0.05125 0.4777777777777778 0.0725 0.1288888888888889
2 0.095 0.6111111111111112 0.0675 0.12
1 0.19875 0.2733333333333333 0.0725 0.11555555555555555
1 0.265 0.5266666666666666 0.0775 0.14222222222222222
0 0.215 0.8422222222222222 0.08 0.16
1 0.19375 0.9311111111111111 0.0975 0.1288888888888889
1 0.46375 0.9377777777777778 0.0925 0.11555555555555555
1 0.41125 0.13555555555555557 0.0825 0.13777777777777778
1 0.46 0.3088888888888889 0.08 0.14222222222222222
1 0.5525 0.6711111111111111 0.0725 0.1288888888888889
1 0.61875 0.7311111111111112 0.095 0.1688888888888889
1 0.57375 0.04888888888888889 0.0775 0.09777777777777778
1 0.6075 0.29777777777777775 0.0725 0.13777777777777778
1 0.65625 0.028888888888888888 0.0925 0.057777777777777775
1 0.8125 0.024444444444444446 0.085 0.04888888888888889
1 0.9175 0.3022222222222222 0.0925 0.1511111111111111