1 0.415 0.2311111111111111 0.0775 0.14222222222222222
1 0.54625 0.4022222222222222 0.065 0.12444444444444444
1 0.26375 0.8377777777777777 0.1475 0.24444444444444444
1 0.50625 0.9266666666666666 0.1325 0.13777777777777778
1 0.85625 0.27555555555555555 0.065 0.12
1 0.6675 0.18666666666666668 0.0725 0.11555555555555555
1 0.74625 0.2088888888888889 0.0675 0.14222222222222222
1 0.53 0.25555555555555554 0.0725 0.14222222222222222
1 0.55875 0.05555555555555555 0.03 0.08
1 0.43625 0.06888888888888889 0.05 0.09333333333333334
1 0.30375 0.011111111111111112 0.0375 0.022222222222222223
1 0.18875 0.03111111111111111 0.0525 0.06222222222222222
1 0.07875 0.03333333333333333 0.0575 0.06666666666666667
1 0.23875 0.015555555555555555 0.0375 0.03111111111111111
1 0.8175 0.10666666666666667 0.045 0.08888888888888889
2 0.25625 0.06444444444444444 0.0425 0.08888888888888889