1 0.37875 0.0347985347985348 0.0625 0.0695970695970696
1 0.29875 0.11355311355311355 0.0625 0.09523809523809523
2 0.475 0.05128205128205128 0.0525 0.08058608058608059
1 0.385 0.152014652014652 0.0775 0.12454212454212454
1 0.0625 0.5824175824175825 0.125 0.336996336996337
2 0.62375 0.23443223443223443 0.0425 0.07692307692307693
2 0.57875 0.2783882783882784 0.0675 0.0989010989010989
1 0.50375 0.4175824175824176 0.085 0.13553113553113552
1 0.7275 0.19047619047619047 0.065 0.10989010989010989
1 0.85875 0.2838827838827839 0.055 0.09523809523809523
1 0.7775 0.5476190476190477 0.0825 0.12087912087912088
1 0.945 0.4633699633699634 0.065 0.09523809523809523