1 0.19375 0.27007299270072993 0.055 0.08029197080291971
1 0.41 0.2591240875912409 0.07 0.10583941605839416
1 0.58 0.26824817518248173 0.06 0.09124087591240876
2 0.75875 0.28284671532846717 0.0575 0.07664233576642336
2 0.95625 0.32116788321167883 0.055 0.072992700729927
2 0.9775 0.12043795620437957 0.035 0.04744525547445255
2 0.65 0.04927007299270073 0.02 0.040145985401459854
2 0.5875 0.05656934306569343 0.0125 0.029197080291970802
2 0.82875 0.1478102189781022 0.0125 0.025547445255474453
2 0.75625 0.1386861313868613 0.015 0.021897810218978103
2 0.71875 0.12956204379562045 0.015 0.021897810218978103
1 0.45125 0.0948905109489051 0.0175 0.029197080291970802
2 0.38125 0.10766423357664233 0.015 0.021897810218978103
2 0.2275 0.07481751824817519 0.015 0.025547445255474453
2 0.16625 0.07481751824817519 0.0175 0.032846715328467155
2 0.0825 0.060218978102189784 0.015 0.032846715328467155
2 0.0275 0.05291970802919708 0.02 0.025547445255474453