1 0.05625 0.35580524344569286 0.0425 0.06741573033707865
1 0.14625 0.3389513108614232 0.0475 0.07865168539325842
2 0.19 0.27340823970037453 0.0325 0.04868913857677903
2 0.21625 0.2247191011235955 0.045 0.06741573033707865
2 0.31875 0.23595505617977527 0.0525 0.0749063670411985
1 0.47 0.23782771535580524 0.0625 0.10486891385767791
0 0.49625 0.17415730337078653 0.0275 0.0599250936329588
2 0.5575 0.15543071161048688 0.05 0.07865168539325842
0 0.61625 0.12921348314606743 0.0525 0.07865168539325842
1 0.775 0.06554307116104868 0.0675 0.11610486891385768
1 0.70125 0.06367041198501873 0.0325 0.052434456928838954
1 0.67875 0.1404494382022472 0.03 0.04868913857677903
2 0.025 0.2846441947565543 0.035 0.0599250936329588