1 0.3775 0.29333333333333333 0.08 0.20444444444444446
1 0.09375 0.24888888888888888 0.095 0.18222222222222223
1 0.19375 0.17777777777777778 0.0775 0.16444444444444445
1 0.39125 0.4577777777777778 0.075 0.16444444444444445
1 0.45625 0.3377777777777778 0.07 0.14666666666666667
1 0.62 0.31555555555555553 0.11 0.18222222222222223
1 0.26 0.24222222222222223 0.0475 0.12444444444444444
0 0.63875 0.5311111111111111 0.12 0.24444444444444444
2 0.76375 0.5088888888888888 0.085 0.17777777777777778
2 0.96 0.4777777777777778 0.0625 0.13333333333333333
2 0.98125 0.48444444444444446 0.0325 0.16