1 0.145 0.019784172661870502 0.075 0.039568345323741004
1 0.185 0.052158273381294966 0.045 0.0683453237410072
1 0.34 0.09712230215827339 0.05 0.07553956834532374
1 0.39875 0.1366906474820144 0.07 0.1079136690647482
1 0.43125 0.16906474820143885 0.04 0.06115107913669065
1 0.46625 0.23201438848920863 0.05 0.07194244604316546
1 0.53375 0.2733812949640288 0.0475 0.0683453237410072
1 0.61375 0.368705035971223 0.0675 0.09712230215827339
1 0.685 0.30755395683453235 0.06 0.08633093525179857
1 0.77 0.3830935251798561 0.045 0.0683453237410072
1 0.805 0.4028776978417266 0.0575 0.08633093525179857
1 0.85 0.5323741007194245 0.0625 0.08992805755395683
1 0.935 0.5233812949640287 0.06 0.09712230215827339
1 0.4975 0.23381294964028776 0.0275 0.04316546762589928