0 0.1 0.25660377358490566 0.1175 0.18490566037735848
2 0.22625 0.1320754716981132 0.0675 0.08679245283018867
1 0.34875 0.21320754716981133 0.0475 0.09056603773584905
1 0.40875 0.3471698113207547 0.0825 0.1320754716981132
1 0.2625 0.7622641509433963 0.215 0.3169811320754717
1 0.56375 0.6811320754716981 0.2025 0.3169811320754717
1 0.61625 0.39245283018867927 0.1 0.1660377358490566
1 0.49125 0.2490566037735849 0.0725 0.1169811320754717
2 0.825 0.22075471698113208 0.085 0.1320754716981132
1 0.93625 0.1169811320754717 0.0925 0.1169811320754717
1 0.9525 0.2622641509433962 0.0825 0.1471698113207547
1 0.79 0.5377358490566038 0.1175 0.19245283018867926