1 0.04625 0.4868913857677903 0.0475 0.0749063670411985
1 0.1325 0.4438202247191011 0.055 0.08614232209737828
2 0.1675 0.36704119850187267 0.035 0.052434456928838954
2 0.18625 0.31086142322097376 0.05 0.0749063670411985
2 0.28875 0.29213483146067415 0.0575 0.08239700374531835
1 0.4375 0.250936329588015 0.0725 0.11610486891385768
0 0.455 0.18164794007490637 0.035 0.06367041198501873
2 0.5125 0.14606741573033707 0.055 0.08614232209737828
0 0.56625 0.10299625468164794 0.0575 0.08614232209737828
1 0.715 0.0299625468164794 0.08 0.0599250936329588
1 0.6425 0.02247191011235955 0.04 0.0449438202247191
1 0.63 0.09737827715355805 0.0325 0.052434456928838954
2 0.01375 0.42696629213483145 0.0275 0.06741573033707865