1 0.19375 0.5486725663716814 0.0925 0.168141592920354
2 0.40375 0.6460176991150443 0.17 0.33185840707964603
1 0.08 0.48008849557522126 0.0725 0.13716814159292035
0 0.13625 0.2942477876106195 0.055 0.11504424778761062
2 0.20625 0.4247787610619469 0.0625 0.10619469026548672
1 0.25875 0.334070796460177 0.06 0.09734513274336283
1 0.3225 0.2920353982300885 0.0675 0.10176991150442478
1 0.4025 0.31194690265486724 0.0575 0.09292035398230089
1 0.45625 0.3672566371681416 0.0675 0.12389380530973451
1 0.53125 0.35176991150442477 0.075 0.10619469026548672
2 0.4275 0.18584070796460178 0.0425 0.07964601769911504
1 0.3375 0.14380530973451328 0.0275 0.048672566371681415
1 0.42 0.09955752212389381 0.03 0.05309734513274336
1 0.665 0.39601769911504425 0.1075 0.18141592920353983
1 0.10375 0.33185840707964603 0.045 0.09734513274336283
1 0.235 0.26548672566371684 0.0525 0.07964601769911504
1 0.52625 0.03761061946902655 0.0175 0.035398230088495575
1 0.83375 0.7898230088495575 0.0875 0.20353982300884957
1 0.83625 0.4225663716814159 0.105 0.19911504424778761
1 0.795 0.17920353982300885 0.0775 0.12389380530973451
1 0.8025 0.3163716814159292 0.0475 0.10176991150442478
1 0.74 0.1172566371681416 0.0525 0.11504424778761062
1 0.82625 0.05088495575221239 0.04 0.0752212389380531