1 0.08875 0.599250936329588 0.0825 0.13857677902621723
1 0.1675 0.9344569288389513 0.115 0.12359550561797752
1 0.2625 0.6797752808988764 0.075 0.1348314606741573
1 0.28 0.4438202247191011 0.0475 0.08239700374531835
1 0.3375 0.3782771535580524 0.0425 0.08614232209737828
1 0.49625 0.45880149812734083 0.0525 0.09363295880149813
1 0.54125 0.3333333333333333 0.045 0.08614232209737828
1 0.67 0.40074906367041196 0.0425 0.07116104868913857
1 0.76625 0.4363295880149813 0.04 0.08614232209737828
1 0.87125 0.5168539325842697 0.05 0.1198501872659176
1 0.5825 0.2902621722846442 0.05 0.0898876404494382