1 0.84375 0.5337078651685393 0.12 0.1348314606741573
1 0.69375 0.3913857677902622 0.0875 0.149812734082397
1 0.63125 0.36329588014981273 0.085 0.1348314606741573
1 0.56625 0.3052434456928839 0.0825 0.12359550561797752
1 0.46125 0.28277153558052437 0.0725 0.1198501872659176
1 0.4225 0.2546816479400749 0.045 0.10861423220973783
1 0.38625 0.2565543071161049 0.045 0.09363295880149813
1 0.3425 0.15543071161048688 0.065 0.10112359550561797
1 0.2925 0.1891385767790262 0.0625 0.09363295880149813
1 0.1525 0.16853932584269662 0.0375 0.06367041198501873
1 0.0625 0.11235955056179775 0.045 0.0749063670411985