1 0.02 0.6857142857142857 0.04 0.13877551020408163
1 0.095 0.6244897959183674 0.08 0.1306122448979592
0 0.145 0.573469387755102 0.065 0.11020408163265306
2 0.11 0.3163265306122449 0.0525 0.08571428571428572
1 0.1175 0.18979591836734694 0.0525 0.10204081632653061
1 0.06625 0.13673469387755102 0.045 0.08571428571428572
1 0.365 0.02857142857142857 0.065 0.05714285714285714
1 0.29875 0.17755102040816326 0.0625 0.08979591836734693
1 0.27 0.4 0.0575 0.10612244897959183
1 0.31375 0.8591836734693877 0.0825 0.1306122448979592
1 0.48 0.7428571428571429 0.0725 0.10204081632653061
1 0.51375 0.8387755102040816 0.085 0.12653061224489795
1 0.5075 0.42653061224489797 0.07 0.11428571428571428
1 0.515 0.2755102040816326 0.0725 0.10612244897959183
1 0.54125 0.15306122448979592 0.0675 0.09387755102040816
1 0.63625 0.5448979591836735 0.0575 0.09795918367346938
1 0.68875 0.33877551020408164 0.065 0.10612244897959183
1 0.77125 0.37142857142857144 0.07 0.11428571428571428
1 0.89625 0.8061224489795918 0.08 0.09795918367346938
1 0.90125 0.5020408163265306 0.07 0.10204081632653061
1 0.855 0.3346938775510204 0.055 0.08979591836734693
1 0.86875 0.22448979591836735 0.0525 0.07755102040816327