1 0.03625 0.54 0.0725 0.11333333333333333
1 0.2 0.38166666666666665 0.075 0.1
1 0.19125 0.17666666666666667 0.08 0.11
2 0.075 0.6533333333333333 0.0675 0.10333333333333333
1 0.18 0.93 0.095 0.13333333333333333
0 0.20875 0.8483333333333334 0.0775 0.12666666666666668
1 0.25625 0.5916666666666667 0.075 0.11
1 0.4075 0.15666666666666668 0.0775 0.1
1 0.43 0.285 0.085 0.11666666666666667
1 0.4825 0.42333333333333334 0.08 0.11333333333333333
1 0.47 0.9433333333333334 0.095 0.10666666666666667
1 0.5775 0.7266666666666667 0.09 0.12
1 0.64625 0.775 0.0975 0.13666666666666666
1 0.64875 0.41833333333333333 0.0725 0.10666666666666667
1 0.6175 0.19833333333333333 0.08 0.11
1 0.705 0.155 0.08 0.12
1 0.8775 0.16666666666666666 0.0825 0.10666666666666667
1 0.96625 0.43833333333333335 0.0625 0.11