1 0.70375 0.34269662921348315 0.075 0.1198501872659176
1 0.8675 0.21348314606741572 0.0625 0.11235955056179775
1 0.625 0.22284644194756553 0.07 0.12734082397003746
1 0.38625 0.4438202247191011 0.0625 0.0898876404494382
1 0.42 0.350187265917603 0.0575 0.09363295880149813
1 0.04125 0.4438202247191011 0.0825 0.24344569288389514
1 0.32 0.3801498127340824 0.05 0.0749063670411985
1 0.2575 0.3595505617977528 0.0575 0.0749063670411985
1 0.08375 0.38202247191011235 0.04 0.0599250936329588
1 0.18625 0.36142322097378277 0.0425 0.056179775280898875
1 0.14 0.3408239700374532 0.0225 0.04119850187265917
1 0.49625 0.2808988764044944 0.03 0.04868913857677903