1 0.315 0.03167420814479638 0.035 0.06334841628959276
1 0.28125 0.05429864253393665 0.0475 0.08144796380090498
1 0.155 0.502262443438914 0.095 0.167420814479638
1 0.3375 0.4592760180995475 0.075 0.1493212669683258
1 0.44125 0.2828054298642534 0.0675 0.13122171945701358
1 0.4575 0.013574660633484163 0.025 0.027149321266968326
1 0.50875 0.042986425339366516 0.0225 0.049773755656108594
1 0.6025 0.1085972850678733 0.035 0.058823529411764705
1 0.56875 0.2692307692307692 0.065 0.12669683257918551
1 0.57625 0.4502262443438914 0.075 0.14479638009049775
1 0.6775 0.3076923076923077 0.0675 0.12669683257918551
2 0.785 0.22624434389140272 0.035 0.06787330316742081
1 0.8425 0.28054298642533937 0.0425 0.09049773755656108
1 0.8325 0.16289592760180996 0.0325 0.06334841628959276
1 0.895 0.18099547511312217 0.04 0.07239819004524888
1 0.94 0.2239819004524887 0.0375 0.05429864253393665