1 0.08125 0.15517241379310345 0.055 0.08045977011494253
1 0.21875 0.1685823754789272 0.0475 0.07279693486590039
1 0.29625 0.19540229885057472 0.0425 0.07279693486590039
1 0.43875 0.21839080459770116 0.0475 0.07662835249042145
1 0.48375 0.2222222222222222 0.035 0.06130268199233716
1 0.51875 0.2260536398467433 0.0375 0.06896551724137931
1 0.55875 0.18007662835249041 0.0375 0.04597701149425287
1 0.53625 0.28544061302681994 0.045 0.06896551724137931
1 0.5925 0.3735632183908046 0.0675 0.10344827586206896
2 0.7025 0.25862068965517243 0.0525 0.0842911877394636
1 0.70375 0.42528735632183906 0.07 0.12260536398467432
1 0.84 0.27011494252873564 0.045 0.06896551724137931
1 0.81375 0.4272030651340996 0.06 0.08045977011494253
1 0.91625 0.5632183908045977 0.095 0.15708812260536398
2 0.86875 0.5191570881226054 0.0425 0.0842911877394636