1 0.052734375 0.5 0.10546875 0.19411764705882353
1 0.1630859375 0.5941176470588235 0.181640625 0.2676470588235294
1 0.373046875 0.4308823529411765 0.091796875 0.13529411764705881
1 0.3662109375 0.27205882352941174 0.08203125 0.11470588235294117
1 0.40625 0.3323529411764706 0.08203125 0.13529411764705881
1 0.4677734375 0.26323529411764707 0.1484375 0.21764705882352942
1 0.6005859375 0.17647058823529413 0.08984375 0.1323529411764706
2 0.537109375 0.06764705882352941 0.060546875 0.09117647058823529
2 0.6416015625 0.08529411764705883 0.0625 0.09411764705882353
1 0.7275390625 0.10882352941176471 0.095703125 0.15
1 0.83984375 0.21911764705882353 0.142578125 0.20588235294117646
1 0.7880859375 0.04411764705882353 0.072265625 0.08823529411764706