1 0.525 0.415 0.045 0.056666666666666664
1 0.77625 0.42333333333333334 0.0425 0.05
2 0.86875 0.4116666666666667 0.045 0.05333333333333334
2 0.7075 0.4 0.0425 0.05
2 0.6425 0.37833333333333335 0.04 0.04666666666666667
2 0.45875 0.42333333333333334 0.0375 0.056666666666666664
2 0.35625 0.43666666666666665 0.045 0.05333333333333334
2 0.43 0.4066666666666667 0.0375 0.04666666666666667
0 0.19125 0.465 0.0475 0.056666666666666664
0 0.2725 0.4483333333333333 0.0375 0.056666666666666664
0 0.25875 0.6083333333333333 0.0375 0.05333333333333334
0 0.605 0.405 0.045 0.056666666666666664
1 0.0675 0.5283333333333333 0.0225 0.03333333333333333
2 0.8325 0.38666666666666666 0.025 0.03