1 0.08 0.033185840707964605 0.045 0.06637168141592921
1 0.29625 0.21238938053097345 0.0325 0.07964601769911504
0 0.40375 0.26991150442477874 0.035 0.07079646017699115
1 0.465 0.11504424778761062 0.045 0.10619469026548672
1 0.56625 0.18584070796460178 0.0375 0.09292035398230089
1 0.54625 0.2411504424778761 0.0375 0.0752212389380531
1 0.69125 0.31194690265486724 0.045 0.084070796460177
1 0.7375 0.34513274336283184 0.0425 0.084070796460177
1 0.79 0.4358407079646018 0.0225 0.05309734513274336
1 0.84375 0.40707964601769914 0.0475 0.08849557522123894
1 0.91125 0.4690265486725664 0.0375 0.0752212389380531
1 0.94375 0.4889380530973451 0.035 0.0752212389380531