1 0.1175 0.3895131086142322 0.0875 0.1198501872659176
1 0.25 0.41385767790262173 0.0775 0.1198501872659176
1 0.30875 0.7322097378277154 0.0925 0.1348314606741573
1 0.31625 0.4288389513108614 0.0625 0.09363295880149813
1 0.3875 0.3408239700374532 0.0575 0.08614232209737828
0 0.31875 0.24531835205992508 0.0475 0.07116104868913857
1 0.2 0.25280898876404495 0.05 0.08239700374531835
1 0.21 0.17228464419475656 0.0325 0.052434456928838954
1 0.275 0.16853932584269662 0.03 0.04868913857677903
1 0.47875 0.45692883895131087 0.0825 0.1198501872659176
1 0.555 0.4157303370786517 0.055 0.0898876404494382
1 0.75625 0.6142322097378277 0.1025 0.14606741573033707
1 0.8925 0.7696629213483146 0.0575 0.10112359550561797
1 0.65125 0.4363295880149813 0.0375 0.0749063670411985
1 0.61375 0.3089887640449438 0.0475 0.0749063670411985
1 0.53375 0.22659176029962547 0.04 0.0599250936329588
1 0.38625 0.16853932584269662 0.0325 0.056179775280898875
1 0.1625 0.1198501872659176 0.0325 0.06741573033707865
1 0.15875 0.056179775280898875 0.03 0.052434456928838954
1 0.23875 0.06928838951310862 0.04 0.06367041198501873
1 0.3175 0.07865168539325842 0.0275 0.04119850187265917