1 0.11625 0.3179611650485437 0.1075 0.22330097087378642
1 0.135 0.043689320388349516 0.09 0.08737864077669903
1 0.24 0.3276699029126214 0.09 0.20388349514563106
1 0.20125 0.19174757281553398 0.075 0.1650485436893204
1 0.32625 0.47815533980582525 0.0925 0.22815533980582525
1 0.21 0.7572815533980582 0.11 0.17475728155339806
1 0.36125 0.8252427184466019 0.1375 0.25728155339805825
1 0.45 0.3155339805825243 0.0975 0.2087378640776699
1 0.39625 0.1529126213592233 0.085 0.1796116504854369
1 0.56375 0.41504854368932037 0.0825 0.17475728155339806
1 0.52375 0.8179611650485437 0.105 0.20388349514563106
1 0.60625 0.6650485436893204 0.09 0.2087378640776699
1 0.63 0.4053398058252427 0.09 0.19902912621359223
1 0.71875 0.25728155339805825 0.075 0.1650485436893204
2 0.60625 0.1407766990291262 0.0625 0.12135922330097088
1 0.765 0.5995145631067961 0.08 0.17475728155339806
1 0.75875 0.8713592233009708 0.1225 0.24757281553398058
1 0.81 0.8786407766990292 0.0825 0.18446601941747573
1 0.945 0.7669902912621359 0.0975 0.21844660194174756
1 0.95375 0.5024271844660194 0.085 0.18446601941747573
1 0.98 0.3786407766990291 0.035 0.1262135922330097
1 0.8525 0.6019417475728155 0.0875 0.17475728155339806