1 0.01875 0.6551020408163265 0.0375 0.14285714285714285
1 0.0925 0.6020408163265306 0.08 0.1346938775510204
0 0.14375 0.5530612244897959 0.0675 0.11428571428571428
2 0.11375 0.2938775510204082 0.0525 0.08571428571428572
1 0.12375 0.16938775510204082 0.0525 0.10612244897959183
1 0.07375 0.11224489795918367 0.045 0.08571428571428572
1 0.37625 0.026530612244897958 0.0675 0.053061224489795916
1 0.30625 0.1673469387755102 0.065 0.08979591836734693
1 0.2725 0.3877551020408163 0.0575 0.10612244897959183
1 0.30625 0.8489795918367347 0.085 0.1346938775510204
1 0.475 0.7408163265306122 0.075 0.10612244897959183
1 0.50625 0.8387755102040816 0.0875 0.1306122448979592
1 0.50875 0.42857142857142855 0.07 0.11428571428571428
1 0.52 0.2755102040816326 0.075 0.11020408163265306
1 0.54875 0.15510204081632653 0.0675 0.09795918367346938
1 0.635 0.5530612244897959 0.06 0.09795918367346938
1 0.69125 0.3489795918367347 0.065 0.11020408163265306
1 0.77375 0.38571428571428573 0.07 0.11428571428571428
1 0.89 0.8285714285714286 0.08 0.10204081632653061
1 0.90125 0.5244897959183673 0.0725 0.10612244897959183
1 0.85875 0.3551020408163265 0.055 0.08979591836734693
1 0.875 0.24693877551020407 0.0525 0.07755102040816327