1 0.125 0.8407079646017699 0.2 0.30973451327433627
1 0.27625 0.6836283185840708 0.12 0.2168141592920354
2 0.29125 0.44026548672566373 0.075 0.12389380530973451
1 0.4125 0.5376106194690266 0.0975 0.168141592920354
2 0.46125 0.3606194690265487 0.045 0.12831858407079647
1 0.5375 0.40707964601769914 0.1275 0.24336283185840707
1 0.6325 0.37610619469026546 0.1025 0.20353982300884957
2 0.63375 0.08849557522123894 0.0525 0.09734513274336283
1 0.83 0.10176991150442478 0.055 0.08849557522123894
1 0.88125 0.05752212389380531 0.0675 0.11504424778761062
1 0.71625 0.2411504424778761 0.055 0.09734513274336283
1 0.76875 0.33185840707964603 0.085 0.16371681415929204
1 0.945 0.29646017699115046 0.08 0.15486725663716813
1 0.78875 0.8230088495575221 0.15 0.2079646017699115
1 0.4025 0.12389380530973451 0.0375 0.06637168141592921
2 0.5575 0.1084070796460177 0.0375 0.07964601769911504