1 0.3125 0.7035398230088495 0.1375 0.24778761061946902
1 0.57875 0.15486725663716813 0.055 0.10619469026548672
2 0.77875 0.2323008849557522 0.075 0.12389380530973451
1 0.64375 0.4358407079646018 0.065 0.12389380530973451
2 0.3975 0.01991150442477876 0.025 0.03982300884955752
2 0.48625 0.02654867256637168 0.0225 0.03982300884955752
1 0.85 0.3274336283185841 0.0325 0.048672566371681415
1 0.73625 0.15265486725663716 0.0275 0.05309734513274336
2 0.64875 0.09513274336283185 0.0225 0.048672566371681415
2 0.67875 0.07743362831858407 0.015 0.030973451327433628
1 0.4275 0.06858407079646017 0.0275 0.05752212389380531
1 0.41625 0.13274336283185842 0.05 0.11504424778761062