1 0.29625 0.6415929203539823 0.15 0.26991150442477874
1 0.61125 0.1836283185840708 0.06 0.11504424778761062
2 0.8 0.3230088495575221 0.08 0.13716814159292035
1 0.64875 0.4823008849557522 0.0725 0.13274336283185842
2 0.44625 0.008849557522123894 0.0275 0.017699115044247787
2 0.53375 0.030973451327433628 0.025 0.04424778761061947
1 0.86125 0.43805309734513276 0.035 0.05752212389380531
1 0.76625 0.23008849557522124 0.03 0.05752212389380531
2 0.68625 0.14823008849557523 0.025 0.05309734513274336
2 0.7175 0.13938053097345132 0.0175 0.035398230088495575
1 0.47125 0.05309734513274336 0.0325 0.061946902654867256
1 0.45375 0.11283185840707964 0.0575 0.11946902654867257