1 0.0725 0.4249084249084249 0.145 0.3516483516483517
2 0.55125 0.05311355311355311 0.055 0.08424908424908426
1 0.45875 0.020146520146520148 0.0775 0.040293040293040296
1 0.36875 0.054945054945054944 0.07 0.10622710622710622
1 0.44625 0.11904761904761904 0.0925 0.13553113553113552
2 0.66125 0.2838827838827839 0.055 0.08791208791208792
2 0.61125 0.3131868131868132 0.0775 0.11355311355311355
1 0.76875 0.2838827838827839 0.08 0.12087912087912088
1 0.88125 0.4139194139194139 0.0625 0.0989010989010989
1 0.75875 0.6446886446886447 0.105 0.14652014652014653
1 0.935 0.6227106227106227 0.08 0.11355311355311355
1 0.51875 0.4194139194139194 0.095 0.14652014652014653