1 0.0775 0.7425249169435216 0.105 0.14950166112956811
1 0.085 0.5697674418604651 0.05 0.07308970099667775
1 0.1125 0.5249169435215947 0.035 0.04983388704318937
1 0.15125 0.46511627906976744 0.03 0.036544850498338874
1 0.0125 0.5299003322259136 0.025 0.036544850498338874
1 0.1925 0.5332225913621262 0.045 0.053156146179401995
1 0.215 0.45514950166112955 0.035 0.046511627906976744
1 0.2975 0.5996677740863787 0.1425 0.19601328903654486
1 0.26875 0.43023255813953487 0.03 0.03322259136212625
1 0.35375 0.4119601328903654 0.02 0.026578073089700997
1 0.38 0.4269102990033223 0.0325 0.04318936877076412
1 0.43375 0.473421926910299 0.0525 0.07308970099667775
1 0.52875 0.43023255813953487 0.0775 0.10631229235880399
1 0.48625 0.4003322259136213 0.03 0.053156146179401995
1 0.4225 0.40365448504983387 0.0225 0.029900332225913623
1 0.55125 0.3272425249169435 0.0325 0.03986710963455149
1 0.6725 0.3272425249169435 0.03 0.03322259136212625
1 0.66125 0.2807308970099668 0.0225 0.029900332225913623
1 0.725 0.35714285714285715 0.03 0.03986710963455149
1 0.69125 0.287375415282392 0.02 0.023255813953488372
1 0.745 0.30564784053156147 0.025 0.036544850498338874
1 0.80125 0.3338870431893688 0.0575 0.07641196013289037
1 0.8575 0.26744186046511625 0.03 0.03986710963455149
1 0.96125 0.292358803986711 0.035 0.07308970099667775
1 0.9225 0.23089700996677742 0.035 0.04318936877076412
2 0.51125 0.3388704318936877 0.0175 0.023255813953488372