1 0.7 0.5393835616438356 0.1675 0.23972602739726026
1 0.78875 0.3698630136986301 0.1825 0.2534246575342466
1 0.88 0.1934931506849315 0.0875 0.1267123287671233
1 0.715 0.0839041095890411 0.0875 0.11643835616438356
1 0.79625 0.017123287671232876 0.0525 0.03424657534246575
1 0.6225 0.2636986301369863 0.1075 0.1506849315068493
1 0.51875 0.14726027397260275 0.065 0.0958904109589041
1 0.53875 0.4178082191780822 0.1 0.1404109589041096
1 0.365 0.5393835616438356 0.1025 0.1506849315068493
1 0.4625 0.3715753424657534 0.08 0.10616438356164383
1 0.24875 0.577054794520548 0.0775 0.10273972602739725
1 0.1625 0.7517123287671232 0.1025 0.14726027397260275
1 0.05625 0.660958904109589 0.075 0.10273972602739725
1 0.17625 0.4058219178082192 0.075 0.09931506849315068
1 0.265 0.2876712328767123 0.0725 0.09931506849315068
1 0.38875 0.2585616438356164 0.045 0.0684931506849315
1 0.44875 0.2602739726027397 0.05 0.07534246575342465
1 0.0725 0.4195205479452055 0.075 0.10273972602739725