0 0.17 0.16371681415929204 0.19 0.3274336283185841
1 0.4075 0.5619469026548672 0.1675 0.3185840707964602
1 0.47375 0.754424778761062 0.11 0.22566371681415928
1 0.58 0.8628318584070797 0.17 0.26548672566371684
1 0.73375 0.9004424778761062 0.1325 0.1902654867256637
1 0.6725 0.4911504424778761 0.09 0.17699115044247787
1 0.7425 0.5022123893805309 0.0875 0.15486725663716813
1 0.56625 0.28982300884955753 0.065 0.12831858407079647
1 0.62375 0.26991150442477874 0.0675 0.12389380530973451
1 0.5175 0.32964601769911506 0.0825 0.13716814159292035
1 0.68875 0.1902654867256637 0.0525 0.08849557522123894
1 0.77125 0.22787610619469026 0.0475 0.07964601769911504
1 0.635 0.12831858407079647 0.05 0.084070796460177