1 0.0375 0.21052631578947367 0.0425 0.08133971291866028
1 0.14625 0.23684210526315788 0.0375 0.07655502392344497
1 0.2375 0.2583732057416268 0.04 0.07655502392344497
1 0.2875 0.1722488038277512 0.035 0.08133971291866028
1 0.3425 0.22009569377990432 0.0375 0.0861244019138756
1 0.4475 0.2631578947368421 0.04 0.0861244019138756
1 0.57375 0.2679425837320574 0.0375 0.08133971291866028
1 0.6575 0.3277511961722488 0.035 0.07177033492822966
1 0.74875 0.33253588516746413 0.0375 0.07655502392344497
1 0.84125 0.39473684210526316 0.045 0.07177033492822966
1 0.95875 0.37320574162679426 0.0475 0.0861244019138756