1 0.87 0.2303370786516854 0.0625 0.10112359550561797
0 0.9475 0.3801498127340824 0.0525 0.0898876404494382
1 0.6675 0.2247191011235955 0.0525 0.07865168539325842
1 0.725 0.33146067415730335 0.04 0.06741573033707865
1 0.1175 0.13670411985018727 0.0475 0.08239700374531835
0 0.13875 0.21161048689138576 0.0625 0.10112359550561797
0 0.5025 0.1947565543071161 0.0725 0.11235955056179775
2 0.21375 0.23782771535580524 0.0625 0.10112359550561797
2 0.04875 0.11610486891385768 0.0475 0.07116104868913857
2 0.38375 0.22284644194756553 0.05 0.07865168539325842
2 0.625 0.23782771535580524 0.04 0.06741573033707865
2 0.7525 0.19662921348314608 0.0525 0.0749063670411985
2 0.26125 0.18352059925093633 0.04 0.07116104868913857