1 0.052734375 0.43970588235294117 0.10546875 0.18529411764705883
1 0.1591796875 0.5485294117647059 0.173828125 0.25588235294117645
1 0.3779296875 0.4147058823529412 0.08984375 0.12941176470588237
1 0.3798828125 0.25588235294117645 0.080078125 0.10882352941176471
1 0.416015625 0.3205882352941177 0.078125 0.12941176470588237
1 0.482421875 0.26029411764705884 0.142578125 0.2088235294117647
1 0.619140625 0.19117647058823528 0.0859375 0.1264705882352941
2 0.5625 0.07352941176470588 0.05859375 0.08823529411764706
2 0.6650390625 0.10588235294117647 0.060546875 0.09117647058823529
1 0.7490234375 0.13970588235294118 0.091796875 0.14411764705882352
1 0.8544921875 0.2647058823529412 0.13671875 0.19705882352941176
1 0.8125 0.07352941176470588 0.068359375 0.1
1 0.763671875 0.010294117647058823 0.06640625 0.020588235294117647