1 0.105 0.16371681415929204 0.0575 0.10619469026548672
1 0.185 0.23893805309734514 0.0525 0.09734513274336283
1 0.36625 0.2588495575221239 0.065 0.11504424778761062
1 0.4225 0.25663716814159293 0.05 0.09734513274336283
1 0.45 0.49557522123893805 0.0625 0.11946902654867257
1 0.49625 0.2676991150442478 0.035 0.07079646017699115
1 0.545 0.2676991150442478 0.035 0.08849557522123894
1 0.57625 0.28982300884955753 0.05 0.10176991150442478
1 0.625 0.334070796460177 0.0425 0.08849557522123894
1 0.66 0.3805309734513274 0.05 0.10176991150442478
1 0.72125 0.41814159292035397 0.0625 0.12389380530973451
1 0.7825 0.3185840707964602 0.04 0.084070796460177
2 0.8225 0.33185840707964603 0.0475 0.06637168141592921
1 0.8975 0.3252212389380531 0.05 0.09292035398230089
1 0.9525 0.3606194690265487 0.0575 0.10619469026548672
1 0.38875 0.19690265486725664 0.0425 0.0752212389380531
1 0.3225 0.17920353982300885 0.0425 0.07079646017699115