1 0.61875 0.7243150684931506 0.16 0.2328767123287671
1 0.76875 0.6934931506849316 0.1725 0.2465753424657534
1 0.925 0.660958904109589 0.0825 0.1232876712328767
1 0.8675 0.4229452054794521 0.085 0.11301369863013698
1 0.9725 0.4366438356164384 0.0475 0.07876712328767123
1 0.70875 0.4571917808219178 0.1025 0.14383561643835616
1 0.69875 0.273972602739726 0.06 0.09246575342465753
1 0.57 0.4811643835616438 0.095 0.136986301369863
1 0.38625 0.3938356164383562 0.0975 0.14726027397260275
1 0.54125 0.3732876712328767 0.075 0.10273972602739725
1 0.285 0.3047945205479452 0.075 0.09931506849315068
1 0.13375 0.3424657534246575 0.0975 0.14383561643835616
1 0.1075 0.17465753424657535 0.0725 0.09931506849315068
1 0.32375 0.11472602739726027 0.0725 0.0958904109589041
1 0.4475 0.11986301369863013 0.0675 0.0958904109589041
1 0.55 0.2226027397260274 0.0425 0.06506849315068493
1 0.59125 0.2825342465753425 0.045 0.07191780821917808
1 0.245 0.03767123287671233 0.075 0.07534246575342465