1 0.52 0.599250936329588 0.13 0.19850187265917604
1 0.075 0.1947565543071161 0.0275 0.04119850187265917
1 0.15625 0.27902621722846443 0.015 0.033707865168539325
1 0.2625 0.3295880149812734 0.02 0.03745318352059925
1 0.295 0.33707865168539325 0.025 0.03745318352059925
1 0.38875 0.4101123595505618 0.0225 0.04119850187265917
2 0.37 0.36704119850187267 0.03 0.04868913857677903
1 0.4475 0.4157303370786517 0.025 0.0449438202247191
1 0.50375 0.45318352059925093 0.0275 0.04868913857677903
1 0.65125 0.548689138576779 0.0225 0.04119850187265917
1 0.69375 0.5580524344569289 0.0175 0.033707865168539325
1 0.72625 0.6048689138576779 0.02 0.033707865168539325
1 0.88625 0.5430711610486891 0.0225 0.0299625468164794
1 0.91875 0.6928838951310862 0.015 0.0299625468164794
2 0.8725 0.6610486891385767 0.025 0.04119850187265917
1 0.8875 0.6104868913857678 0.0225 0.033707865168539325