1 0.1525 0.7771535580524345 0.1475 0.2247191011235955
1 0.305 0.9138576779026217 0.165 0.1647940074906367
1 0.32125 0.5786516853932584 0.0875 0.1348314606741573
1 0.25 0.6254681647940075 0.0625 0.0898876404494382
1 0.27875 0.46629213483146065 0.0625 0.09737827715355805
1 0.3925 0.43258426966292135 0.065 0.11235955056179775
1 0.35 0.42134831460674155 0.04 0.06367041198501873
1 0.47875 0.5112359550561798 0.095 0.149812734082397
1 0.585 0.3295880149812734 0.0925 0.149812734082397
1 0.71375 0.20411985018726592 0.07 0.11610486891385768
1 0.76625 0.4438202247191011 0.12 0.1797752808988764
1 0.91625 0.6573033707865169 0.1625 0.27340823970037453
1 0.83125 0.16666666666666666 0.055 0.0898876404494382
1 0.90625 0.20411985018726592 0.06 0.0898876404494382
1 0.955 0.43820224719101125 0.085 0.24719101123595505
1 0.6525 0.31835205992509363 0.0575 0.0898876404494382
1 0.88375 0.10861423220973783 0.045 0.06367041198501873