1 0.05375 0.6660447761194029 0.0475 0.07835820895522388
1 0.05625 0.35447761194029853 0.0225 0.05970149253731343
1 0.14 0.35261194029850745 0.035 0.05970149253731343
2 0.05375 0.4552238805970149 0.0275 0.06716417910447761
2 0.02125 0.47761194029850745 0.025 0.07462686567164178
1 0.31 0.23880597014925373 0.0625 0.09328358208955224
1 0.385 0.26119402985074625 0.055 0.08208955223880597
1 0.49625 0.2947761194029851 0.0625 0.10074626865671642
1 0.65 0.3246268656716418 0.05 0.08582089552238806
1 0.76375 0.31156716417910446 0.0625 0.10074626865671642
1 0.9775 0.43097014925373134 0.0375 0.055970149253731345
2 0.9725 0.5485074626865671 0.04 0.07835820895522388