1 0.04375 0.579734219269103 0.0875 0.12624584717607973
1 0.08625 0.4152823920265781 0.04 0.059800664451827246
1 0.1225 0.38205980066445183 0.0275 0.04318936877076412
1 0.1725 0.3388704318936877 0.025 0.029900332225913623
1 0.02375 0.34717607973421927 0.0225 0.026578073089700997
1 0.1975 0.420265780730897 0.0375 0.04318936877076412
1 0.23625 0.3521594684385382 0.0275 0.03986710963455149
1 0.285 0.521594684385382 0.1175 0.16611295681063123
1 0.2925 0.34717607973421927 0.025 0.026578073089700997
1 0.3775 0.36212624584717606 0.0175 0.019933554817275746
1 0.4 0.38704318936877075 0.0275 0.03322259136212625
1 0.4425 0.45016611295681064 0.0425 0.059800664451827246
1 0.5425 0.4435215946843854 0.0625 0.08637873754152824
1 0.5075 0.39867109634551495 0.0225 0.046511627906976744
1 0.445 0.3787375415282392 0.0175 0.023255813953488372
1 0.58625 0.3521594684385382 0.0275 0.029900332225913623
1 0.70125 0.39700996677740863 0.025 0.026578073089700997
1 0.70125 0.3488372093023256 0.0175 0.023255813953488372
1 0.74625 0.4435215946843854 0.025 0.03322259136212625
1 0.7275 0.3654485049833887 0.0175 0.016611295681063124
1 0.77625 0.40365448504983387 0.02 0.029900332225913623
1 0.825 0.45182724252491696 0.0475 0.06312292358803986
1 0.89125 0.4069767441860465 0.025 0.03322259136212625
1 0.98625 0.4700996677740864 0.0225 0.0664451827242525
1 0.96125 0.3953488372093023 0.03 0.03322259136212625
2 0.545 0.3504983388704319 0.015 0.019933554817275746