1 0.07625 0.745 0.09 0.12666666666666668
1 0.0825 0.575 0.045 0.06666666666666667
1 0.10875 0.53 0.03 0.04666666666666667
1 0.19125 0.5366666666666666 0.0425 0.05333333333333334
1 0.215 0.4583333333333333 0.0325 0.05
1 0.15125 0.4666666666666667 0.025 0.03666666666666667
1 0.29875 0.6033333333333334 0.135 0.19666666666666666
1 0.3825 0.4266666666666667 0.0275 0.03666666666666667
1 0.26625 0.43166666666666664 0.025 0.03333333333333333
1 0.43375 0.475 0.0475 0.06333333333333334
1 0.52875 0.43166666666666664 0.0725 0.10333333333333333
1 0.46875 0.3983333333333333 0.02 0.03333333333333333
1 0.425 0.4066666666666667 0.02 0.02666666666666667
1 0.55125 0.33 0.03 0.04
1 0.6725 0.3283333333333333 0.03 0.03333333333333333
1 0.72625 0.36 0.0275 0.04
1 0.8025 0.33666666666666667 0.06 0.08
1 0.8575 0.2683333333333333 0.025 0.04
1 0.96375 0.29833333333333334 0.0325 0.06666666666666667
1 0.62875 0.31833333333333336 0.0125 0.02
1 0.6625 0.28 0.0175 0.023333333333333334
1 0.69375 0.2866666666666667 0.015 0.02
1 0.74625 0.30833333333333335 0.025 0.04
1 0.9225 0.235 0.025 0.04
1 0.94125 0.20833333333333334 0.0125 0.023333333333333334