1 0.175 0.33394160583941607 0.0575 0.08394160583941605
1 0.3875 0.2791970802919708 0.0725 0.10948905109489052
1 0.55625 0.25547445255474455 0.0625 0.0948905109489051
2 0.735 0.23175182481751824 0.06 0.08029197080291971
2 0.93375 0.22992700729927007 0.0575 0.07664233576642336
2 0.9375 0.02737226277372263 0.035 0.04744525547445255
2 0.60625 0.023722627737226276 0.02 0.043795620437956206
2 0.54375 0.043795620437956206 0.015 0.029197080291970802
2 0.7925 0.08394160583941605 0.015 0.025547445255474453
2 0.71875 0.09124087591240876 0.0175 0.025547445255474453
2 0.68125 0.08941605839416059 0.0175 0.025547445255474453
1 0.4125 0.10766423357664233 0.02 0.032846715328467155
2 0.345 0.13503649635036497 0.0175 0.025547445255474453
2 0.19 0.13503649635036497 0.0175 0.025547445255474453
2 0.12875 0.145985401459854 0.02 0.0364963503649635
2 0.045 0.14963503649635038 0.0175 0.032846715328467155