1 0.7025 0.3389513108614232 0.075 0.1198501872659176
1 0.86375 0.20411985018726592 0.0625 0.11235955056179775
1 0.62125 0.21910112359550563 0.0725 0.13108614232209737
1 0.38625 0.44756554307116103 0.065 0.09363295880149813
1 0.41875 0.352059925093633 0.06 0.09363295880149813
1 0.04125 0.4550561797752809 0.0825 0.24344569288389514
1 0.31875 0.3838951310861423 0.05 0.0749063670411985
1 0.25625 0.3651685393258427 0.0575 0.0749063670411985
1 0.08125 0.3913857677902622 0.0425 0.06367041198501873
1 0.185 0.36891385767790263 0.0425 0.056179775280898875
1 0.1375 0.350187265917603 0.0225 0.04119850187265917
1 0.49375 0.2808988764044944 0.03 0.04868913857677903