1 0.11125 0.449438202247191 0.0825 0.11235955056179775
1 0.245 0.45318352059925093 0.0725 0.11235955056179775
1 0.32625 0.7602996254681648 0.0875 0.12734082397003746
1 0.31125 0.45880149812734083 0.06 0.0898876404494382
1 0.3775 0.3595505617977528 0.0525 0.08239700374531835
0 0.30125 0.2752808988764045 0.045 0.06741573033707865
1 0.185 0.299625468164794 0.045 0.07865168539325842
1 0.18875 0.21910112359550563 0.03 0.052434456928838954
1 0.25375 0.20599250936329588 0.0275 0.0449438202247191
1 0.47625 0.4606741573033708 0.08 0.11235955056179775
1 0.54875 0.40823970037453183 0.0525 0.08614232209737828
1 0.7625 0.5730337078651685 0.1 0.13857677902621723
1 0.90875 0.7059925093632958 0.0525 0.09737827715355805
1 0.645 0.41198501872659177 0.035 0.0749063670411985
1 0.6 0.29213483146067415 0.045 0.07116104868913857
1 0.51375 0.22284644194756553 0.0375 0.056179775280898875
1 0.36375 0.18726591760299627 0.03 0.056179775280898875
1 0.13875 0.1760299625468165 0.03 0.06741573033707865
1 0.12875 0.11235955056179775 0.0275 0.052434456928838954
1 0.21 0.11235955056179775 0.0375 0.06367041198501873
1 0.28875 0.10861423220973783 0.025 0.04119850187265917