1 0.18875 0.011848341232227487 0.0375 0.023696682464454975
1 0.27375 0.03317535545023697 0.0475 0.06635071090047394
1 0.32875 0.08530805687203792 0.065 0.11374407582938388
1 0.3875 0.035545023696682464 0.045 0.07109004739336493
1 0.4375 0.05687203791469194 0.0325 0.07109004739336493
1 0.57125 0.23696682464454977 0.0525 0.10900473933649289
1 0.65125 0.2559241706161137 0.0525 0.11374407582938388
1 0.75875 0.3246445497630332 0.0725 0.14218009478672985
1 0.84 0.3957345971563981 0.0625 0.12322274881516587
1 0.93125 0.41706161137440756 0.0475 0.08530805687203792
2 0.8925 0.7085308056872038 0.0425 0.09004739336492891