1 0.7525 0.8108614232209738 0.12 0.1797752808988764
2 0.82375 0.6254681647940075 0.0925 0.13857677902621723
2 0.44 0.5374531835205992 0.0925 0.13857677902621723
1 0.49375 0.6966292134831461 0.12 0.1760299625468165
1 0.94125 0.6872659176029963 0.07 0.10112359550561797
1 0.175 0.5262172284644194 0.1025 0.1760299625468165
1 0.08375 0.37265917602996257 0.0675 0.10486891385767791
1 0.25875 0.5074906367041199 0.0575 0.11235955056179775
1 0.35 0.48314606741573035 0.0625 0.09363295880149813
1 0.395 0.4550561797752809 0.0725 0.12359550561797752
1 0.51875 0.49063670411985016 0.0725 0.10861423220973783
1 0.5675 0.5056179775280899 0.05 0.08239700374531835
1 0.625 0.4288389513108614 0.0375 0.06367041198501873
1 0.74125 0.4288389513108614 0.05 0.06367041198501873
2 0.30375 0.42696629213483145 0.05 0.08614232209737828
1 0.14125 0.2940074906367041 0.0425 0.06741573033707865
1 0.39125 0.34831460674157305 0.0525 0.07865168539325842
2 0.495 0.33146067415730335 0.04 0.0599250936329588
1 0.54 0.32397003745318353 0.02 0.04119850187265917
1 0.665 0.35767790262172283 0.0225 0.03745318352059925
1 0.44875 0.31273408239700373 0.0275 0.0449438202247191
1 0.28625 0.22284644194756553 0.0225 0.033707865168539325
1 0.69875 0.4288389513108614 0.04 0.0599250936329588
1 0.58625 0.45131086142322097 0.0375 0.06367041198501873
1 0.93125 0.44569288389513106 0.0275 0.04868913857677903
1 0.97625 0.45131086142322097 0.0275 0.052434456928838954
1 0.79625 0.43820224719101125 0.0225 0.03745318352059925
1 0.95625 0.4400749063670412 0.025 0.04119850187265917