1 0.72625 0.44569288389513106 0.08 0.12734082397003746
1 0.9075 0.398876404494382 0.0675 0.1198501872659176
1 0.67625 0.2940074906367041 0.0775 0.1348314606741573
1 0.40375 0.3951310861423221 0.0675 0.09737827715355805
1 0.455 0.3202247191011236 0.0625 0.10112359550561797
1 0.06875 0.22846441947565543 0.11 0.24719101123595505
1 0.35375 0.301498127340824 0.0525 0.07865168539325842
1 0.29875 0.2546816479400749 0.06 0.08239700374531835
1 0.1275 0.1947565543071161 0.045 0.06741573033707865
1 0.23 0.22284644194756553 0.045 0.0599250936329588
1 0.19 0.18164794007490637 0.025 0.04119850187265917
1 0.54125 0.2883895131086142 0.0325 0.052434456928838954