1 0.22375 0.41760299625468167 0.0375 0.056179775280898875
2 0.30625 0.38764044943820225 0.0475 0.06741573033707865
1 0.41 0.2696629213483146 0.0525 0.08239700374531835
1 0.54125 0.23782771535580524 0.0625 0.09363295880149813
1 0.645 0.20037453183520598 0.06 0.0898876404494382
1 0.7425 0.09737827715355805 0.0825 0.1198501872659176
1 0.86625 0.0299625468164794 0.0725 0.0599250936329588
1 0.185 0.4868913857677903 0.03 0.04868913857677903
1 0.15375 0.48314606741573035 0.0325 0.052434456928838954
1 0.11875 0.5093632958801498 0.03 0.0449438202247191
1 0.08625 0.5299625468164794 0.03 0.0449438202247191