1 0.1125 0.08045977011494253 0.0575 0.08812260536398467
1 0.24625 0.11877394636015326 0.05 0.07662835249042145
1 0.3225 0.16091954022988506 0.045 0.07662835249042145
1 0.46125 0.20881226053639848 0.05 0.08045977011494253
1 0.50625 0.22030651340996169 0.04 0.06513409961685823
1 0.54 0.23180076628352492 0.04 0.07279693486590039
1 0.58375 0.19348659003831417 0.0375 0.04980842911877394
1 0.5525 0.2950191570881226 0.0475 0.07662835249042145
1 0.60125 0.39080459770114945 0.0725 0.1111111111111111
2 0.72 0.2988505747126437 0.0575 0.08812260536398467
1 0.70875 0.46360153256704983 0.0775 0.13026819923371646
1 0.855 0.33524904214559387 0.0475 0.07662835249042145
1 0.8175 0.48659003831417624 0.0625 0.08812260536398467
1 0.90875 0.6417624521072797 0.1025 0.1685823754789272
2 0.86375 0.5881226053639846 0.0475 0.08812260536398467