2 0.12 0.031835205992509365 0.06 0.06367041198501873
1 0.16625 0.09550561797752809 0.0925 0.16104868913857678
1 0.225 0.1198501872659176 0.0375 0.052434456928838954
1 0.37125 0.149812734082397 0.0725 0.1198501872659176
1 0.40875 0.20786516853932585 0.0475 0.08614232209737828
1 0.575 0.31647940074906367 0.05 0.08614232209737828
2 0.6325 0.29775280898876405 0.0525 0.0898876404494382
1 0.66 0.3857677902621723 0.0575 0.0898876404494382
1 0.81 0.49063670411985016 0.07 0.11235955056179775
2 0.435 0.3146067415730337 0.035 0.04868913857677903
1 0.98 0.4606741573033708 0.025 0.03745318352059925
1 0.75125 0.350187265917603 0.0325 0.056179775280898875