1 0.75625 0.8033707865168539 0.1175 0.1797752808988764
2 0.825 0.6179775280898876 0.09 0.1348314606741573
2 0.44 0.5393258426966292 0.09 0.1348314606741573
1 0.49625 0.6966292134831461 0.12 0.17228464419475656
1 0.94375 0.6741573033707865 0.07 0.10112359550561797
1 0.17625 0.5355805243445693 0.1 0.1760299625468165
1 0.0825 0.3838951310861423 0.065 0.10486891385767791
1 0.25875 0.5131086142322098 0.0575 0.11235955056179775
1 0.35 0.4868913857677903 0.0625 0.09363295880149813
1 0.395 0.45880149812734083 0.07 0.12359550561797752
1 0.51875 0.49063670411985016 0.07 0.10861423220973783
1 0.56875 0.5037453183520599 0.0475 0.08239700374531835
1 0.62375 0.4250936329588015 0.0375 0.06367041198501873
1 0.74 0.4232209737827715 0.0475 0.06367041198501873
2 0.3025 0.43258426966292135 0.05 0.08614232209737828
1 0.13875 0.30337078651685395 0.0425 0.06367041198501873
1 0.39 0.352059925093633 0.0525 0.07865168539325842
2 0.4925 0.33146067415730335 0.0375 0.0599250936329588
1 0.53875 0.32209737827715357 0.02 0.04119850187265917
1 0.6625 0.352059925093633 0.0225 0.03745318352059925
1 0.44625 0.3146067415730337 0.0275 0.0449438202247191
1 0.2825 0.22846441947565543 0.0225 0.033707865168539325
1 0.69875 0.4250936329588015 0.04 0.056179775280898875
1 0.585 0.449438202247191 0.0375 0.06367041198501873
1 0.93 0.4344569288389513 0.0275 0.04868913857677903
1 0.975 0.43820224719101125 0.0275 0.04868913857677903
1 0.79625 0.4288389513108614 0.0225 0.03745318352059925
1 0.955 0.4288389513108614 0.025 0.04119850187265917