1 0.12625 0.6816479400749064 0.135 0.20224719101123595
1 0.255 0.8895131086142322 0.15 0.21348314606741572
1 0.315 0.5299625468164794 0.0775 0.12359550561797752
1 0.24 0.5580524344569289 0.0575 0.08239700374531835
1 0.28625 0.40823970037453183 0.0575 0.0898876404494382
1 0.4025 0.4044943820224719 0.0575 0.10486891385767791
1 0.36125 0.3838951310861423 0.035 0.056179775280898875
1 0.4775 0.5056179775280899 0.085 0.13857677902621723
1 0.60375 0.3539325842696629 0.0825 0.13857677902621723
1 0.745 0.2640449438202247 0.0625 0.10861423220973783
1 0.76875 0.5131086142322098 0.11 0.1647940074906367
1 0.90375 0.7640449438202247 0.1725 0.24344569288389514
1 0.86375 0.25842696629213485 0.05 0.08239700374531835
1 0.935 0.31273408239700373 0.055 0.08239700374531835
1 0.96 0.5617977528089888 0.075 0.2397003745318352
1 0.67125 0.36142322097378277 0.0525 0.08239700374531835
1 0.92375 0.21348314606741572 0.0425 0.056179775280898875