2 0.06 0.45880149812734083 0.095 0.14232209737827714
2 0.095 0.09925093632958802 0.07 0.10112359550561797
1 0.155 0.06928838951310862 0.0575 0.09737827715355805
1 0.32125 0.04119850187265917 0.0625 0.08239700374531835
2 0.23625 0.10112359550561797 0.0725 0.11235955056179775
2 0.2675 0.26779026217228463 0.0475 0.07865168539325842
2 0.21625 0.4606741573033708 0.0875 0.13108614232209737
2 0.15375 0.6198501872659176 0.11 0.11235955056179775
1 0.20125 0.8595505617977528 0.135 0.22846441947565543
2 0.35375 0.649812734082397 0.1425 0.16853932584269662
2 0.32625 0.36704119850187267 0.095 0.12734082397003746
2 0.3525 0.12734082397003746 0.075 0.07865168539325842
2 0.44625 0.14606741573033707 0.0675 0.09363295880149813
1 0.5075 0.11235955056179775 0.075 0.10112359550561797
1 0.49125 0.34831460674157305 0.0925 0.13108614232209737
2 0.57375 0.2640449438202247 0.065 0.10486891385767791
2 0.6375 0.11797752808988764 0.08 0.1198501872659176
2 0.7425 0.1198501872659176 0.07 0.08239700374531835
2 0.74875 0.27902621722846443 0.065 0.09363295880149813
1 0.68125 0.4344569288389513 0.1025 0.15730337078651685
2 0.63 0.6704119850187266 0.095 0.13108614232209737
1 0.745 0.8071161048689138 0.1025 0.14606741573033707
1 0.8275 0.5131086142322098 0.0925 0.14232209737827714
2 0.8725 0.16292134831460675 0.0625 0.09737827715355805
2 0.9775 0.11235955056179775 0.04 0.08239700374531835
1 0.9275 0.33707865168539325 0.075 0.10112359550561797