1 0.12375 0.8516483516483516 0.1775 0.2893772893772894
2 0.33875 0.11538461538461539 0.0525 0.08058608058608059
1 0.24 0.15384615384615385 0.0725 0.09157509157509157
1 0.20125 0.29120879120879123 0.0675 0.0989010989010989
1 0.28875 0.26373626373626374 0.0875 0.1282051282051282
2 0.525 0.18315018315018314 0.0525 0.08424908424908426
2 0.5 0.2509157509157509 0.075 0.10622710622710622
1 0.60625 0.07875457875457875 0.075 0.11721611721611722
1 0.75 0.06776556776556776 0.06 0.09523809523809523
1 0.76 0.3608058608058608 0.1 0.13553113553113552
1 0.88375 0.17582417582417584 0.0775 0.10622710622710622
1 0.47875 0.42124542124542125 0.09 0.1391941391941392