1 0.0275 0.48659003831417624 0.055 0.09195402298850575
1 0.15125 0.4003831417624521 0.05 0.07662835249042145
1 0.22875 0.3716475095785441 0.045 0.07662835249042145
1 0.36125 0.29310344827586204 0.05 0.08045977011494253
1 0.4025 0.2624521072796935 0.04 0.06513409961685823
1 0.43625 0.24329501915708812 0.04 0.07279693486590039
1 0.4575 0.1743295019157088 0.0375 0.04980842911877394
1 0.46875 0.2835249042145594 0.0475 0.07662835249042145
1 0.545 0.32375478927203066 0.0725 0.1111111111111111
2 0.61 0.14367816091954022 0.0575 0.08812260536398467
1 0.66 0.29118773946360155 0.0775 0.13026819923371646
1 0.735 0.05938697318007663 0.0475 0.07662835249042145
1 0.75875 0.2164750957854406 0.0625 0.08812260536398467
1 0.89 0.2662835249042146 0.1025 0.1685823754789272
2 0.83375 0.26053639846743293 0.0475 0.08812260536398467