1 0.10125 0.8432835820895522 0.055 0.08582089552238806
1 0.04625 0.542910447761194 0.0275 0.05970149253731343
1 0.12625 0.5055970149253731 0.04 0.06343283582089553
2 0.0625 0.6399253731343284 0.0325 0.0708955223880597
2 0.035 0.6753731343283582 0.0325 0.07462686567164178
1 0.27 0.32649253731343286 0.0675 0.10074626865671642
1 0.345 0.31902985074626866 0.0625 0.09328358208955224
1 0.45875 0.30597014925373134 0.07 0.10820895522388059
1 0.61125 0.27052238805970147 0.0575 0.09328358208955224
1 0.71875 0.21082089552238806 0.07 0.10820895522388059
1 0.945 0.23694029850746268 0.0425 0.06343283582089553
2 0.96375 0.35261194029850745 0.0475 0.08582089552238806