1 0.515 0.601123595505618 0.135 0.20224719101123595
1 0.09 0.15168539325842698 0.0275 0.0449438202247191
1 0.1675 0.24344569288389514 0.0175 0.033707865168539325
1 0.27125 0.3052434456928839 0.0225 0.03745318352059925
1 0.30375 0.3146067415730337 0.0275 0.04119850187265917
1 0.39375 0.398876404494382 0.025 0.0449438202247191
2 0.37625 0.3539325842696629 0.03 0.04868913857677903
1 0.4525 0.4101123595505618 0.0275 0.0449438202247191
1 0.50625 0.4550561797752809 0.03 0.04868913857677903
1 0.64875 0.5636704119850188 0.025 0.0449438202247191
1 0.69125 0.5767790262172284 0.0175 0.033707865168539325
1 0.72125 0.6273408239700374 0.02 0.033707865168539325
1 0.88375 0.5842696629213483 0.0225 0.0299625468164794
1 0.90875 0.7359550561797753 0.0175 0.0299625468164794
2 0.86375 0.700374531835206 0.025 0.04119850187265917
1 0.8825 0.651685393258427 0.0225 0.033707865168539325