1 0.545 0.5805243445692884 0.1025 0.15730337078651685
1 0.02875 0.4681647940074906 0.02 0.033707865168539325
1 0.12625 0.49625468164794007 0.0075 0.033707865168539325
1 0.2375 0.4812734082397004 0.015 0.0299625468164794
1 0.26875 0.4681647940074906 0.02 0.0299625468164794
1 0.375 0.4812734082397004 0.015 0.03745318352059925
2 0.345 0.45318352059925093 0.0225 0.03745318352059925
1 0.43 0.45318352059925093 0.0175 0.03745318352059925
1 0.49125 0.4550561797752809 0.02 0.04119850187265917
1 0.65125 0.45692883895131087 0.015 0.03745318352059925
1 0.69375 0.4400749063670412 0.01 0.0299625468164794
1 0.735 0.46254681647940077 0.0125 0.0299625468164794
1 0.8675 0.3146067415730337 0.0175 0.02247191011235955
1 0.93625 0.43258426966292135 0.01 0.026217228464419477
2 0.885 0.4307116104868914 0.0175 0.033707865168539325
1 0.88625 0.37453183520599254 0.0175 0.026217228464419477