1 0.38375 0.6 0.1675 0.23666666666666666
1 0.0675 0.855 0.135 0.22333333333333333
1 0.09875 0.2833333333333333 0.1225 0.17
1 0.34375 0.30666666666666664 0.115 0.14666666666666667
1 0.6625 0.3616666666666667 0.1475 0.19
1 0.53625 0.17833333333333334 0.11 0.16333333333333333
1 0.7525 0.11166666666666666 0.0975 0.14333333333333334
1 0.03 0.31 0.0525 0.11333333333333333
1 0.88 0.13166666666666665 0.0975 0.12
1 0.65625 0.10333333333333333 0.07 0.11666666666666667
2 0.4475 0.19166666666666668 0.0725 0.10666666666666667
2 0.9175 0.3 0.14 0.18