1 0.46875 0.19555555555555557 0.095 0.1688888888888889
1 0.56125 0.43333333333333335 0.08 0.14666666666666667
1 0.215 0.6822222222222222 0.1725 0.29777777777777775
1 0.4275 0.9022222222222223 0.145 0.18666666666666668
1 0.87875 0.49333333333333335 0.0775 0.14222222222222222
1 0.71625 0.3022222222222222 0.0825 0.14222222222222222
1 0.78625 0.36666666666666664 0.085 0.16444444444444445
1 0.5725 0.2866666666666667 0.09 0.16444444444444445
1 0.63625 0.11333333333333333 0.04 0.08888888888888889
1 0.51875 0.05555555555555555 0.0625 0.1111111111111111
1 0.87125 0.3111111111111111 0.055 0.10222222222222223