2 0.1525 0.8511111111111112 0.12 0.21777777777777776
2 0.065 0.6 0.105 0.14666666666666667
1 0.0425 0.4 0.0825 0.10222222222222223
1 0.13875 0.38 0.0925 0.17333333333333334
1 0.20625 0.35333333333333333 0.04 0.08444444444444445
2 0.2725 0.4177777777777778 0.095 0.17777777777777778
1 0.345 0.6822222222222222 0.115 0.19555555555555557
1 0.44375 0.6488888888888888 0.0875 0.1511111111111111
1 0.5875 0.6355555555555555 0.135 0.2311111111111111
1 0.49625 0.44222222222222224 0.045 0.14666666666666667
2 0.35625 0.36444444444444446 0.0675 0.13333333333333333
0 0.45125 0.31333333333333335 0.07 0.12444444444444444
2 0.57875 0.2777777777777778 0.0625 0.11555555555555555
2 0.2075 0.19111111111111112 0.055 0.09777777777777778
1 0.17 0.21333333333333335 0.035 0.08444444444444445
1 0.1175 0.14666666666666667 0.0425 0.07555555555555556
1 0.02875 0.2222222222222222 0.0575 0.12444444444444444
0 0.07 0.2111111111111111 0.035 0.07555555555555556
1 0.18875 0.051111111111111114 0.0275 0.04888888888888889
1 0.24 0.12666666666666668 0.0225 0.04888888888888889
1 0.26 0.19555555555555557 0.045 0.08444444444444445
1 0.40875 0.32 0.04 0.10222222222222223
1 0.37625 0.21777777777777776 0.0375 0.06222222222222222
1 0.33 0.16666666666666666 0.0375 0.057777777777777775
1 0.3725 0.15777777777777777 0.0425 0.057777777777777775
1 0.32875 0.057777777777777775 0.025 0.05333333333333334
1 0.2875 0.06666666666666667 0.0125 0.04
1 0.39 0.08222222222222222 0.0225 0.04888888888888889
1 0.40625 0.11555555555555555 0.03 0.04888888888888889
2 0.475 0.12222222222222222 0.0375 0.07555555555555556
1 0.50875 0.20666666666666667 0.0425 0.09333333333333334
1 0.50125 0.2777777777777778 0.0425 0.08444444444444445
1 0.51125 0.04888888888888889 0.0125 0.05333333333333334
1 0.57375 0.05555555555555555 0.02 0.044444444444444446
1 0.63125 0.035555555555555556 0.0275 0.05333333333333334
0 0.65125 0.1622222222222222 0.045 0.07555555555555556
2 0.6225 0.2644444444444444 0.025 0.09333333333333334
1 0.6775 0.3711111111111111 0.0625 0.10222222222222223
1 0.6825 0.1711111111111111 0.0275 0.07111111111111111
2 0.69375 0.051111111111111114 0.02 0.044444444444444446
1 0.68125 0.5155555555555555 0.0275 0.07555555555555556
1 0.74875 0.5688888888888889 0.0825 0.17777777777777778
1 0.81875 0.7644444444444445 0.125 0.25333333333333335
1 0.845 0.2688888888888889 0.06 0.11555555555555555
2 0.95375 0.30444444444444446 0.025 0.10222222222222223
1 0.8925 0.24888888888888888 0.035 0.10222222222222223
1 0.7375 0.3511111111111111 0.0525 0.07555555555555556
1 0.79375 0.20222222222222222 0.0475 0.08444444444444445
1 0.77625 0.10222222222222223 0.045 0.08888888888888889
0 0.82375 0.07555555555555556 0.03 0.08444444444444445
1 0.90875 0.11333333333333333 0.02 0.057777777777777775