1 0.2825 0.2340823970037453 0.0275 0.04119850187265917
2 0.36375 0.2640449438202247 0.0375 0.052434456928838954
1 0.4925 0.2340823970037453 0.04 0.06741573033707865
1 0.61875 0.29775280898876405 0.05 0.07116104868913857
1 0.72125 0.33707865168539325 0.0475 0.07116104868913857
1 0.84125 0.3146067415730337 0.065 0.0898876404494382
1 0.97875 0.31086142322097376 0.0375 0.1198501872659176
1 0.22625 0.26591760299625467 0.0225 0.03745318352059925
1 0.2 0.24157303370786518 0.0225 0.04119850187265917
1 0.16125 0.2397003745318352 0.02 0.03745318352059925
1 0.12625 0.2340823970037453 0.025 0.0299625468164794