1 0.1375 0.2411504424778761 0.11 0.22566371681415928
1 0.325 0.1836283185840708 0.1125 0.18584070796460178
1 0.17 0.01991150442477876 0.065 0.03982300884955752
1 0.4225 0.030973451327433628 0.06 0.061946902654867256
1 0.49875 0.3141592920353982 0.0675 0.12389380530973451
1 0.57 0.2920353982300885 0.0525 0.10619469026548672
1 0.66 0.3672566371681416 0.0525 0.11504424778761062
1 0.57625 0.504424778761062 0.08 0.14601769911504425
1 0.56375 0.7256637168141593 0.0825 0.1592920353982301
1 0.76 0.6039823008849557 0.0825 0.13716814159292035
1 0.6825 0.14601769911504425 0.04 0.084070796460177
1 0.8775 0.3584070796460177 0.045 0.06637168141592921
1 0.96875 0.5176991150442478 0.0575 0.17699115044247787
1 0.55 0.11283185840707964 0.03 0.07079646017699115