1 0.5475 0.435 0.0475 0.06
1 0.7775 0.5666666666666667 0.045 0.05333333333333334
2 0.8675 0.6033333333333334 0.0475 0.056666666666666664
2 0.72 0.5116666666666667 0.045 0.05333333333333334
2 0.66625 0.4583333333333333 0.04 0.05
2 0.48375 0.4083333333333333 0.04 0.06
2 0.38375 0.36833333333333335 0.0475 0.056666666666666664
2 0.46125 0.37833333333333335 0.0375 0.05
0 0.2225 0.31333333333333335 0.05 0.06
0 0.30375 0.3383333333333333 0.04 0.06
0 0.24625 0.48 0.04 0.056666666666666664
0 0.62375 0.465 0.0475 0.06
1 0.09125 0.31166666666666665 0.025 0.03666666666666667
2 0.84 0.56 0.0275 0.03333333333333333