1 0.16375 0.39416058394160586 0.0625 0.09124087591240876
1 0.37 0.3010948905109489 0.08 0.12043795620437957
1 0.53625 0.24635036496350365 0.0675 0.10218978102189781
2 0.71125 0.19160583941605838 0.065 0.08759124087591241
2 0.90875 0.1551094890510949 0.06 0.08394160583941605
2 0.565 0.016423357664233577 0.025 0.032846715328467155
2 0.50625 0.040145985401459854 0.0175 0.032846715328467155
2 0.755 0.03467153284671533 0.015 0.029197080291970802
2 0.68375 0.05474452554744526 0.0175 0.025547445255474453
2 0.645 0.060218978102189784 0.0175 0.025547445255474453
1 0.38 0.1259124087591241 0.0225 0.032846715328467155
2 0.31625 0.16605839416058393 0.0175 0.025547445255474453
2 0.16125 0.19343065693430658 0.0175 0.029197080291970802
2 0.1025 0.21532846715328466 0.0225 0.0364963503649635
2 0.01875 0.23357664233576642 0.02 0.0364963503649635