0 0.1175 0.5685840707964602 0.165 0.3008849557522124
1 0.44625 0.6460176991150443 0.1425 0.28761061946902655
1 0.5625 0.7323008849557522 0.0925 0.21238938053097345
1 0.69 0.7278761061946902 0.1475 0.26991150442477874
1 0.8325 0.6039823008849557 0.11 0.22566371681415928
1 0.63625 0.3141592920353982 0.0775 0.1592920353982301
1 0.69625 0.25 0.0775 0.13716814159292035
1 0.48375 0.2610619469026549 0.055 0.11946902654867257
1 0.52375 0.18584070796460178 0.06 0.11061946902654868
1 0.4575 0.34292035398230086 0.075 0.11946902654867257
1 0.55 0.05309734513274336 0.0475 0.07964601769911504
1 0.63 0.017699115044247787 0.045 0.035398230088495575
1 0.48625 0.05752212389380531 0.0425 0.0752212389380531