1 0.6925 0.5873287671232876 0.1525 0.22602739726027396
1 0.80125 0.4400684931506849 0.1675 0.2363013698630137
1 0.91375 0.2876712328767123 0.0775 0.11986301369863013
1 0.76375 0.1421232876712329 0.0825 0.10616438356164383
1 0.85625 0.0684931506849315 0.045 0.07876712328767123
1 0.65 0.2962328767123288 0.1 0.1404109589041096
1 0.56375 0.15753424657534246 0.0575 0.08904109589041095
1 0.54875 0.4280821917808219 0.0925 0.13356164383561644
1 0.3625 0.5068493150684932 0.095 0.14383561643835616
1 0.47875 0.363013698630137 0.0725 0.09931506849315068
1 0.24375 0.5154109589041096 0.0725 0.0958904109589041
1 0.13625 0.6678082191780822 0.0925 0.1404109589041096
1 0.0425 0.553082191780822 0.0675 0.0958904109589041
1 0.1925 0.3304794520547945 0.07 0.09246575342465753
1 0.295 0.2345890410958904 0.065 0.09246575342465753
1 0.42125 0.2345890410958904 0.04 0.06506849315068493
1 0.48 0.2517123287671233 0.0425 0.07191780821917808
1 0.08875 0.3202054794520548 0.07 0.09246575342465753